<?xml version="1.0" encoding="UTF-8" standalone="no"?>
<!-- Created with Inkscape (http://www.inkscape.org/) -->

<svg
   xmlns:dc="http://purl.org/dc/elements/1.1/"
   xmlns:cc="http://creativecommons.org/ns#"
   xmlns:rdf="http://www.w3.org/1999/02/22-rdf-syntax-ns#"
   xmlns:svg="http://www.w3.org/2000/svg"
   xmlns="http://www.w3.org/2000/svg"
   xmlns:sodipodi="http://sodipodi.sourceforge.net/DTD/sodipodi-0.dtd"
   xmlns:inkscape="http://www.inkscape.org/namespaces/inkscape"
   version="1.1"
   id="svg2"
   width="50"
   height="50"
   viewBox="0 0 50 50"
   sodipodi:docname="bank.svg"
   inkscape:version="0.92.3 (2405546, 2018-03-11)">
  <metadata
     id="metadata8">
    <rdf:RDF>
      <cc:Work
         rdf:about="">
        <dc:format>image/svg+xml</dc:format>
        <dc:type
           rdf:resource="http://purl.org/dc/dcmitype/StillImage" />
        <dc:title></dc:title>
      </cc:Work>
    </rdf:RDF>
  </metadata>
  <defs
     id="defs6" />
  <sodipodi:namedview
     pagecolor="#ffffff"
     bordercolor="#666666"
     borderopacity="1"
     objecttolerance="10"
     gridtolerance="10"
     guidetolerance="10"
     inkscape:pageopacity="0"
     inkscape:pageshadow="2"
     inkscape:window-width="1920"
     inkscape:window-height="986"
     id="namedview4"
     showgrid="false"
     inkscape:zoom="14.9"
     inkscape:cx="25"
     inkscape:cy="25"
     inkscape:window-x="0"
     inkscape:window-y="60"
     inkscape:window-maximized="1"
     inkscape:current-layer="svg2" />
  <g
     id="g12"
     transform="matrix(0.09763175,0,0,0.09754255,0.01254433,0.02921)">
    <path
       style="fill:#fef3d0"
       d="M 224.5,510.82659 C 152.19344,504.54093 79.18504,458.18975 37.749567,392.26349 18.739854,362.01792 4.5816038,322.65952 1.6821639,292 c -1.52103912,-16.08391 -1.52103912,-55.91609 0,-72 C 3.8955562,196.59495 13.925337,164.06996 26.480636,139.58247 39.401902,114.38121 52.966048,95.978879 74.472463,74.472463 96.49012,52.454806 114.92701,38.977721 140.81895,25.974183 165.26634,13.696135 196.71544,3.8781605 218,1.8793275 236.87773,0.10651975 266.79417,-0.3306799 283.5,0.92210861 379.85765,8.1480737 468.2575,78.654259 499.87619,173.5 509.3797,202.00744 511.5,217.05625 511.5,256 c 0,37.12943 -2.10012,53.26266 -10.21643,78.48326 C 473.90464,419.5604 404.32883,484.53923 317.5,506.12397 c -6.6,1.6407 -16.725,3.42972 -22.5,3.97561 -14.98112,1.41611 -57.52606,1.85484 -70.5,0.72701 z"
       id="path26"
       inkscape:connector-curvature="0" />
    <path
       style="fill:#fee79f"
       d="m 236,511.33939 c -23.53226,-2.28961 -36.19239,-4.63896 -54,-10.0208 C 123.00477,483.48895 71.642549,444.19003 38.471204,391.5 25.148546,370.33802 12.747505,340.77081 7.0148044,316.5 -13.804397,228.35675 11.491976,138.44148 74.966727,74.966727 114.92104,35.012409 166.37296,9.3990172 221.5,2.0206688 236.80306,-0.02753253 269.21343,-0.34371194 285.37986,1.3974888 374.38788,10.98407 453.45967,68.816742 490.23195,151.22518 504.9549,184.21999 512,218.12977 512,256 c 0,58.56603 -16.63437,108.12699 -52.359,156 -9.12129,12.22304 -35.41796,38.51971 -47.641,47.641 -48.09602,35.89104 -98.65815,52.77096 -156.35681,52.19896 -8.87875,-0.088 -17.71819,-0.31328 -19.64319,-0.50057 z"
       id="path24"
       inkscape:connector-curvature="0" />
    <path
       style="fill:#fee04c"
       d="M 238.5,510.97743 C 198.35631,507.54419 154.53344,493.28691 122.01799,473.08131 89.585136,452.92703 58.043153,421.1963 38.450926,389.01416 12.070944,345.68247 -2.8503802,287.67859 0.82491332,242.75 5.4553085,186.14578 24.114737,137.38745 56.610419,96.978768 101.21697,41.510107 165.22879,7.8123195 239,0.96330107 283.70359,-3.1870404 337.52474,8.7761836 379.16945,32.119796 446.3757,69.791722 493.87157,135.2365 506.94013,208.17559 c 1.11596,6.22843 2.51268,13.79941 3.10384,16.82441 1.58413,8.10608 2.30877,41.11711 1.13051,51.5 -6.27086,55.25885 -23.80772,98.93788 -56.00837,139.5 C 403.98075,480.47653 318.74514,517.84028 238.5,510.97743 Z"
       id="path22"
       inkscape:connector-curvature="0" />
    <path
       style="fill:#fdd648"
       d="M 255.25,510.50417 C 254.31236,509.43919 254,501.9521 254,480.54221 V 452 h -7.62166 c -10.29318,0 -26.45276,-2.45074 -40.3627,-6.12136 C 129.84449,425.77827 73.061225,362.0948 61.562373,283.87166 c -2.056296,-13.98834 -2.056296,-41.75498 0,-55.74332 C 74.265243,141.71464 141.71464,74.265243 228.12834,61.562373 233.97392,60.703068 242.18642,60 246.37834,60 H 254 V 31.428571 C 254,8 254.25714,2.6 255.42857,1.4285714 257.73846,-0.88131375 271.90866,-0.14449818 294.5,3.4601885 382.78881,17.547602 457.24426,75.682189 491.39527,157.1954 c 12.97028,30.95807 20.47889,67.18488 20.47889,98.8046 0,30.56625 -7.24612,66.48904 -19.39716,96.16184 -33.81519,82.57661 -107.01529,140.95567 -195.477,155.8982 -23.89349,4.03597 -39.54193,4.95206 -41.75,2.44413 z M 254,256 c 0,-105.75223 -0.25609,-132.99274 -1.25,-132.96456 -2.31248,0.0656 -5.85614,2.57764 -7.80366,5.53199 -1.53568,2.32959 -1.93452,4.7183 -1.93975,11.61747 -0.01,12.58209 -0.30084,13.04728 -9.53292,15.22375 -12.77062,3.01068 -24.53245,9.57323 -34.05167,18.99924 C 187.66577,186.04901 183,196.46708 183,211.07617 c 0,25.6906 20.42244,47.7278 51.4544,55.52278 5.36928,1.34871 6.88584,2.16576 7.62407,4.10743 1.23505,3.24844 1.1875,53.46386 -0.0537,56.72852 -1.28617,3.38289 -3.15796,3.24716 -11.70477,-0.84879 -12.41332,-5.94893 -18.6061,-13.01832 -20.34612,-23.2262 -1.7866,-10.48105 -6.02888,-15.44604 -13.37566,-15.65429 C 187.987,287.46152 183,292.98354 183,302.7627 c 0,23.91295 21.37894,46.28153 51.4544,53.83625 8.11143,2.03752 8.5456,2.82928 8.5456,15.5838 v 9.05254 l 3.88235,3.88236 C 254.65409,392.88939 254,404.75493 254,256 Z M 230.26349,236.55904 C 216.7755,230.09509 210,221.43004 210,210.64444 c 0,-10.20403 6.90622,-19.08664 19.60493,-25.2154 8.45058,-4.07849 11.90232,-4.39731 12.76478,-1.17904 1.00476,3.74925 0.70198,50.43125 -0.34496,53.1849 -1.2877,3.3869 -3.1568,3.24771 -11.76126,-0.87586 z"
       id="path20"
       inkscape:connector-curvature="0" />
    <path
       style="fill:#fdc63a"
       d="M 255.76511,482.50718 C 255.54004,457.21682 255.27343,452.60154 254,451.95243 c -0.825,-0.42052 -7.48036,-1.24778 -14.78968,-1.83835 C 180.05135,445.33428 126.06226,413.04277 92.725869,362.5 41.451539,284.76073 53.184465,181.13286 120.63803,115.97344 151.54185,86.120692 188.94406,68.060628 231.30122,62.538525 237.79189,61.692336 245.46439,61 248.35122,61 251.23805,61 254.14,60.46 254.8,59.8 255.679,58.920997 256,50.722279 256,29.150257 V -0.29948542 l 9.15362,0.64974271 C 270.18812,0.70761578 276.06468,1 278.21264,1 c 2.14797,0 3.66649,0.3865562 3.37449,0.8590138 -0.29199,0.4724575 2.71167,1.1603781 6.6748,1.5287122 9.49829,0.8827729 24.76916,4.0063007 37.6088,7.692563 79.40785,22.798 143.57347,83.328729 170.58021,160.917071 C 502.51402,189.41615 509,218.19568 509,227.67995 c 0,1.89094 0.39274,3.19536 0.87275,2.89869 0.48002,-0.29666 1.19581,5.30178 1.59065,12.44099 0.79719,14.41442 -0.23119,39.24192 -1.59065,38.40173 -0.48001,-0.29667 -0.87275,1.00775 -0.87275,2.89869 0,4.8617 -3.34691,23.3601 -6.37924,35.25813 -20.81385,81.66783 -82.83607,149.07315 -162.81414,176.94532 -17.80829,6.20614 -45.69655,12.46042 -55.61564,12.47248 -1.95053,0.002 -3.05529,0.41456 -2.69098,1.00402 0.37172,0.60146 -0.93841,1 -3.28736,1 -2.14796,0 -8.01772,0.2919 -13.04391,0.64867 l -9.13851,0.64867 z M 256,256.07756 c 0,-97.08404 -0.30233,-132.97989 -1.12697,-133.80453 -1.41587,-1.41587 -5.40444,-0.0288 -8.75191,3.04358 C 242.25728,128.86293 241,133.187 241,142.92934 v 8.99357 l -4.25,1.09371 c -17.38483,4.47385 -27.84982,10.05801 -38.34364,20.46032 -9.5647,9.4813 -14.53721,18.4415 -16.41613,29.58099 -3.60347,21.36377 7.88878,42.88825 29.85042,55.90857 5.31059,3.14847 17.16174,7.66052 27.90935,10.62585 0.96338,0.2658 1.25,7.00176 1.25,29.37627 L 241,328 l -2.25,-7.9e-4 c -3.49042,-0.001 -14.09565,-5.41325 -18.62349,-9.50388 -5.77067,-5.21346 -8.14294,-9.53687 -9.15271,-16.68067 C 209.57693,291.9322 204.26563,286.5 196,286.5 c -5.24937,0 -8.75041,1.94002 -12.43821,6.89234 -4.59372,6.16887 -1.35785,23.69511 6.56552,35.56045 9.79426,14.66703 24.38575,23.67655 49.62269,30.63956 0.88142,0.24319 1.25,2.98874 1.25,9.31117 0,9.67844 0.91272,13.26746 4.31661,16.97398 2.98655,3.25206 7.81664,5.25658 9.43339,3.91492 0.98851,-0.82031 1.25,-28.79272 1.25,-133.71486 z m -25.70128,-21.01284 c -20.26658,-9.58774 -25.1857,-27.47196 -11.27062,-40.97608 4.40227,-4.27226 14.70678,-9.8815 18.9719,-10.32732 l 2.5,-0.26132 0.26607,27.25 0.26607,27.25 -2.26607,-7.9e-4 c -1.24634,-4.3e-4 -5.05665,-1.32096 -8.46735,-2.93449 z"
       id="path18"
       inkscape:connector-curvature="0" />
    <path
       style="fill:#fdb932"
       d="m 256.79139,482.26719 c 0.23277,-23.92748 0.0247,-30.1749 -1.034,-31.05358 -0.72897,-0.60499 -7.16009,-1.59378 -14.29139,-2.19731 C 192.14737,444.84237 149.86411,424.70391 115.8877,389.20649 88.813466,360.92024 71.796784,326.95781 64.928243,287.5 c -3.181955,-18.27942 -3.175359,-44.53848 0.01582,-63 6.803587,-39.35988 23.858146,-73.40849 50.943637,-101.70649 34.00548,-35.5278 76.21746,-55.632308 125.5783,-59.809807 7.1313,-0.603535 13.56242,-1.592327 14.29139,-2.197314 1.05874,-0.878682 1.26677,-7.126103 1.034,-31.053576 L 256.5,-0.22078556 l 5,0.60170069 c 2.75,0.33093537 8.15,0.66485067 12,0.74203407 C 279.21691,1.2375596 279.85846,1.3983216 277,2 l -3.5,0.7367175 4.5,0.1422334 c 14.01909,0.4431069 42.9174,6.6830128 63,13.6033551 13.83795,4.768476 39.8782,17.67908 53,26.277098 61.86458,40.536562 102.49357,103.960966 113.48824,177.162266 0.83147,5.53584 1.571,11.98063 1.6434,14.32175 l 0.13164,4.25658 0.6533,-3.5 c 1.07446,-5.75628 2.06827,19.48689 1.30904,33.25 -0.48923,8.86856 -0.8505,11.14586 -1.30879,8.25 l -0.63302,-4 -0.1419,4.75658 c -0.18625,6.24281 -2.64343,22.45156 -5.23994,34.56517 C 498.4432,337.28873 484.06736,371.37223 469.2406,394 428.71388,455.84955 365.26185,496.49624 292.07833,507.48824 c -5.53584,0.83147 -11.98063,1.571 -14.32175,1.6434 L 273.5,509.26328 277,510 c 2.85846,0.60168 2.21691,0.76244 -3.5,0.87705 -3.85,0.0772 -9.25,0.4111 -12,0.74203 l -5,0.60171 z M 255.8,390.8 c 0.92136,-0.92136 1.2,-32.23946 1.2,-134.87756 0,-117.0857 -0.18457,-133.83073 -1.48701,-134.91166 -1.96881,-1.63397 -5.62785,-0.62646 -9.47183,2.60804 -4.97161,4.18334 -6.04116,7.25556 -6.04116,17.35296 0,10.26579 0.60856,9.5174 -10.14065,12.47074 -3.10236,0.85238 -9.83118,3.64756 -14.95294,6.21152 -7.37665,3.69276 -11.01129,6.34374 -17.4862,12.75385 -15.13755,14.98603 -20.66059,32.73126 -15.88902,51.05056 5.4872,21.06678 25.66367,39.1113 50.89534,45.51745 l 7.07347,1.79591 0.26641,27.29769 c 0.16537,16.94573 -0.10688,27.67097 -0.71793,28.28202 -1.78008,1.78008 -15.39201,-5.82751 -20.40683,-11.4052 -4.46752,-4.96895 -4.77667,-5.76544 -7.22686,-18.61925 -0.55366,-2.9045 -4.98111,-8.05145 -8.48425,-9.86299 -4.30119,-2.22423 -11.0468,-1.86031 -15.00886,0.80972 -5.51376,3.71572 -7.92168,8.17307 -7.92168,14.66398 0,25.25894 22.15668,49.36324 52.42653,57.03494 l 7.07347,1.79273 0.5,10.55044 c 0.55089,11.62424 1.62489,14.10217 7.98983,18.43411 3.69862,2.51726 6.02954,2.83063 7.81017,1.05 z M 230.23599,233.48167 c -24.47331,-12.24349 -23.34472,-35.50449 2.25504,-46.47782 8.08073,-3.46381 7.57502,-5.10854 7.27585,23.6633 -0.17788,17.10772 -0.6235,25.78586 -1.33628,26.02313 -0.58817,0.1958 -4.27575,-1.24808 -8.19461,-3.20861 z"
       id="path16"
       inkscape:connector-curvature="0" />
    <path
       style="fill:#e5892d"
       d="M 256.66667,450.33333 C 256.3,449.96667 256,436.68053 256,420.80858 V 391.9505 l 2.75,-0.95938 c 9.83047,-3.42952 11.65867,-6.3511 12.08433,-19.31153 0.18389,-5.59877 0.73261,-10.59331 1.21939,-11.09898 0.48678,-0.50566 4.16133,-1.74903 8.16567,-2.76305 21.08219,-5.33861 40.17083,-20.97802 47.37869,-38.81756 3.16914,-7.84368 4.20802,-19.81558 2.45251,-28.26258 -4.46901,-21.50366 -24.19649,-39.76502 -51.00001,-47.20976 L 271.5,241.43046 271.23466,212.71523 270.96933,184 l 2.26533,0.01 c 3.30784,0.0143 12.52922,4.55583 17.46881,8.60344 5.67605,4.6511 8.96002,10.50509 10.18712,18.15953 0.55308,3.45 1.9201,7.55702 3.03781,9.12671 6.27187,8.80802 20.80437,7.5055 25.44831,-2.28089 3.20795,-6.76024 1.31442,-19.78952 -4.44689,-30.59885 -8.19312,-15.37187 -25.12943,-27.73429 -45.87924,-33.48888 L 271.5,151.43681 271,140.78524 c -0.40894,-8.71171 -0.87899,-11.16456 -2.58102,-13.4684 -1.93062,-2.61326 -6.51578,-5.5084 -10.66898,-6.73657 C 256.13535,120.10279 256,117.81502 256,91 c 0,-26.412585 0.15477,-29.122162 1.6973,-29.714085 2.49142,-0.956048 26.24088,1.419488 37.8027,3.781207 58.28998,11.906829 109.30147,51.582558 135.55614,105.432878 44.07764,90.4066 12.68322,198.2757 -73.25343,251.69383 -17.64401,10.96749 -42.10264,20.66195 -62.30271,24.69439 -16.3538,3.26463 -37.16734,5.11111 -38.83333,3.44511 z m 15,-123 C 271.3,326.96667 271,314.81667 271,300.33333 V 274 l 2.25,0.01 c 3.29443,0.0143 12.52331,4.56355 17.45347,8.60344 6.38977,5.23594 9.77095,11.6214 9.72863,18.3728 -0.0605,9.64404 -6.46644,17.71236 -18.72888,23.58898 -7.30369,3.5002 -8.86547,3.92942 -10.03655,2.75834 z"
       id="path14"
       inkscape:connector-curvature="0" />
  </g>
</svg>
