<?xml version="1.0" encoding="UTF-8" standalone="no"?>
<!-- Created with Inkscape (http://www.inkscape.org/) -->

<svg
   xmlns:dc="http://purl.org/dc/elements/1.1/"
   xmlns:cc="http://creativecommons.org/ns#"
   xmlns:rdf="http://www.w3.org/1999/02/22-rdf-syntax-ns#"
   xmlns:svg="http://www.w3.org/2000/svg"
   xmlns="http://www.w3.org/2000/svg"
   xmlns:sodipodi="http://sodipodi.sourceforge.net/DTD/sodipodi-0.dtd"
   xmlns:inkscape="http://www.inkscape.org/namespaces/inkscape"
   version="1.1"
   id="svg2"
   width="50"
   height="50"
   viewBox="0 0 50 50"
   sodipodi:docname="gmail.svg"
   inkscape:version="0.92.5 (2060ec1f9f, 2020-04-08)">
  <metadata
     id="metadata8">
    <rdf:RDF>
      <cc:Work
         rdf:about="">
        <dc:format>image/svg+xml</dc:format>
        <dc:type
           rdf:resource="http://purl.org/dc/dcmitype/StillImage" />
        <dc:title></dc:title>
      </cc:Work>
    </rdf:RDF>
  </metadata>
  <defs
     id="defs6" />
  <sodipodi:namedview
     pagecolor="#ffffff"
     bordercolor="#666666"
     borderopacity="1"
     objecttolerance="10"
     gridtolerance="10"
     guidetolerance="10"
     inkscape:pageopacity="0"
     inkscape:pageshadow="2"
     inkscape:window-width="1920"
     inkscape:window-height="990"
     id="namedview4"
     showgrid="false"
     inkscape:zoom="15.32"
     inkscape:cx="25"
     inkscape:cy="25"
     inkscape:window-x="0"
     inkscape:window-y="60"
     inkscape:window-maximized="1"
     inkscape:current-layer="svg2" />
  <g
     id="g54"
     transform="matrix(0.10416455,0,0,0.10369853,-1.6660742,-1.5423909)">
    <path
       style="fill:#f0f0f0"
       d="m 31.627047,437.28867 c -5.86252,-1.70944 -12.268168,-8.3411 -14.13771,-14.63653 C 16.197048,418.30053 16,396.25143 16,256 16,76.265816 15.556559,87.817975 22.734703,80.553175 29.855833,73.346079 9.6595034,73.920177 256.07817,73.920177 c 248.6283,0 226.04512,-0.671433 233.44849,6.940794 C 496.40076,87.928997 496,77.086173 496,256 c 0,141.0239 -0.19198,162.28347 -1.50541,166.70626 -1.76621,5.94746 -7.82948,12.5891 -13.07249,14.31945 -5.1553,1.7014 -443.982092,1.95795 -449.795053,0.26296 z"
       id="path92"
       inkscape:connector-curvature="0" />
    <path
       style="fill:#eaeaea"
       d="M 34.5,438.06493 C 27.615831,436.38899 22.014592,431.85376 18.364162,425 16.566887,421.62558 16.5,415.56175 16.5,256 V 90.5 l 2.158417,-4 C 23.629185,77.288124 30.013341,73.823205 43,73.288917 l 9.5,-0.390843 101.38912,74.050966 C 209.65313,187.67707 255.61099,221 256.01769,221 c 0.40669,0 46.35659,-33.3226 102.11088,-74.05022 L 459.5,72.89955 469,73.292811 c 13.16279,0.544885 19.50477,4.073516 24.63584,13.707189 1.79727,3.374418 1.86416,9.438254 1.86416,169 0,159.56175 -0.0669,165.62558 -1.86416,169 -2.61511,4.90991 -6.46331,8.8232 -11.13584,11.32416 -3.61978,1.93748 -5.87654,2.175 -23.74156,2.49872 l -19.74157,0.35773 -0.25843,-55.37193 L 438.5,328.43676 349.50952,383.21838 C 300.56476,413.34827 260.25801,438 259.93897,438 c -0.82816,0 -7.64091,-8.62221 -40.29715,-51 -15.89358,-20.625 -29.31101,-37.5 -29.81651,-37.5 -0.5055,0 -26.97598,19.35 -58.82329,43 -37.251309,27.66305 -57.92164,43.62418 -57.953107,44.75 -0.04481,1.60306 -1.539262,1.74141 -17.798913,1.64764 -9.7625,-0.0563 -19.1,-0.43102 -20.75,-0.83271 z"
       id="path90"
       inkscape:connector-curvature="0" />
    <path
       style="fill:#e3e3e3"
       d="M 34.5,438.06493 C 27.615831,436.38899 22.014592,431.85376 18.364162,425 16.566887,421.62558 16.5,415.56175 16.5,256 V 90.5 l 2.158417,-4 C 23.547928,77.438711 29.985479,73.878986 42.683964,73.214773 l 9.194882,-0.480951 14.310577,10.488793 C 143.80297,140.10868 255.2613,221 256.02979,221 c 0.5311,0 46.69277,-33.35864 102.58149,-74.13032 l 101.61586,-74.130315 9.13643,0.479915 c 12.8159,0.673187 19.23082,4.315293 24.27227,13.78072 1.79727,3.374418 1.86416,9.438254 1.86416,169 0,159.56175 -0.0669,165.62558 -1.86416,169 -2.61511,4.90991 -6.46331,8.8232 -11.13584,11.32416 -3.61983,1.93751 -5.87651,2.175 -23.74413,2.49876 l -19.74414,0.35776 -0.25586,-81.52671 L 438.5,276.12725 336.07476,339.19797 c -79.88686,49.19218 -102.77177,62.85423 -104,62.08691 -0.86612,-0.54109 -10.23322,-12.18905 -20.81578,-25.88434 -10.58257,-13.6953 -19.82864,-25.29057 -20.54684,-25.76728 -1.77309,-1.17688 -117.074425,84.55028 -117.531691,87.38545 -0.305288,1.89286 -1.108697,1.97672 -18,1.87893 C 45.456202,438.84134 36.15,438.46662 34.5,438.06493 Z"
       id="path88"
       inkscape:connector-curvature="0" />
    <path
       style="fill:#dadada"
       d="M 35,438.06377 C 27.897588,436.63065 22.158425,432.1238 18.364162,425 16.566887,421.62558 16.5,415.56175 16.5,256 V 90.5 l 2.158417,-4 C 23.4411,77.636685 29.730538,74.081946 42.040939,73.28439 c 7.50598,-0.486291 9.296605,-0.296477 11.663213,1.23635 1.537716,0.995963 47.435748,34.36124 101.995618,74.14505 C 210.25965,188.44961 255.41038,221 256.03473,221 c 0.62435,0 45.75945,-32.54935 100.30022,-72.3319 54.54078,-39.78254 100.42318,-73.147814 101.9609,-74.145048 2.36721,-1.535173 4.15328,-1.725209 11.64983,-1.239529 12.48526,0.808885 18.74608,4.433865 23.69016,13.716477 1.79727,3.374418 1.86416,9.438254 1.86416,169 0,159.56175 -0.0669,165.62558 -1.86416,169 -2.61153,4.9032 -6.45858,8.8189 -11.13584,11.33456 -3.70128,1.99073 -5.45626,2.15192 -23.5,2.15842 L 439.5,438.5 439.2455,331.25 C 439.10552,272.2625 438.832,224 438.63767,224 c -0.19432,0 -52.60904,32.175 -116.47715,71.5 -63.86811,39.325 -116.28445,71.5 -116.48076,71.5 -0.19631,0 -3.43233,-3.9375 -7.19117,-8.75 -3.75883,-4.8125 -7.15867,-9.1297 -7.5552,-9.59378 -1.03028,-1.20581 -116.961918,85.32787 -118.021745,88.09378 -0.849222,2.21628 -1.11355,2.24828 -17.636894,2.135 C 46.048638,438.82175 36.925,438.4522 35,438.06377 Z"
       id="path86"
       inkscape:connector-curvature="0" />
    <path
       style="fill:#f0cac7"
       d="M 35,438.07519 C 27.87805,436.61489 22.154451,432.11634 18.364162,425 16.566887,421.62558 16.5,415.56175 16.5,256 V 90.5 l 2.158417,-4 C 23.4411,77.636685 29.730538,74.081946 42.040939,73.28439 c 7.50598,-0.486291 9.296605,-0.296477 11.663213,1.23635 1.537716,0.995963 47.435748,34.36124 101.995618,74.14505 C 210.25965,188.44961 255.41038,221 256.03473,221 c 0.62435,0 45.75945,-32.54935 100.30022,-72.3319 54.54078,-39.78254 100.42318,-73.147814 101.9609,-74.145048 2.36721,-1.535173 4.15328,-1.725209 11.64983,-1.239529 12.48526,0.808885 18.74608,4.433865 23.69016,13.716477 1.79727,3.374418 1.86416,9.438254 1.86416,169 0,159.56175 -0.0669,165.62558 -1.86416,169 -2.61153,4.9032 -6.45858,8.8189 -11.13584,11.33456 -3.70128,1.99073 -5.45626,2.15192 -23.5,2.15842 l -19.5,0.007 -0.25355,-137.33215 c -0.15688,-84.9708 -0.61124,-137.20551 -1.19169,-137 -0.51598,0.18268 -41.57688,30.60447 -91.24645,67.60397 -123.37344,91.90246 -156.20167,116.1031 -156.90473,115.66859 -0.33001,-0.20396 -26.65583,-34.35136 -58.5018,-75.8831 L 73.5,196.04506 73,317.27253 72.5,438.5 l -17,0.14642 c -9.35,0.0805 -18.575,-0.17653 -20.5,-0.57123 z"
       id="path84"
       inkscape:connector-curvature="0" />
    <path
       style="fill:#ecc3bd"
       d="m 35.902958,437.99906 c -5.678309,-0.9752 -9.588528,-2.9631 -13.09991,-6.65978 -6.206392,-6.53392 -5.805164,5.65037 -5.781086,-175.55716 C 17.043055,97.0369 17.117168,90.3418 18.895863,86.5 22.869742,77.916828 29.445507,74.295828 42.742748,73.368512 L 51.5,72.757803 l 28,20.433522 c 15.4,11.238435 61.4153,44.806325 102.25622,74.595315 L 256.01244,221.94843 358.25622,147.35779 460.5,72.767151 l 8.75725,0.606035 c 13.24955,0.916918 19.48851,4.412779 23.91484,13.400152 L 495.5,91.5 v 164 c 0,155.8147 -0.0903,164.2339 -1.80843,168.68642 -2.11147,5.47174 -7.80399,11.00232 -13.31086,12.93218 -2.72791,0.95599 -9.3763,1.36317 -22.38071,1.37069 L 439.5,438.5 439.24645,301.16785 c -0.15688,-84.9708 -0.61124,-137.20551 -1.19169,-137 -0.51598,0.18268 -41.57688,30.60447 -91.24645,67.60397 -123.37344,91.90246 -156.20167,116.1031 -156.90473,115.66859 -0.33001,-0.20396 -26.65583,-34.35136 -58.5018,-75.8831 L 73.5,196.04506 73,317.27253 72.5,438.5 l -16,0.14429 c -8.8,0.0793 -18.068669,-0.211 -20.597042,-0.64523 z"
       id="path82"
       inkscape:connector-curvature="0" />
    <path
       style="fill:#e9b6b1"
       d="M 29.227479,435.88357 C 24.16958,433.37995 19.343459,427.87763 17.927235,423 17.251767,420.67361 17.009757,363.98032 17.205504,253.92685 L 17.5,88.353698 20.258538,84.185387 c 1.517196,-2.292571 4.632332,-5.409653 6.922524,-6.926849 3.78204,-2.505509 5.149327,-2.789377 14.906226,-3.094751 L 52.829529,73.827573 154.43819,147.93036 256.04685,222.03314 357.62843,147.93088 459.21,73.828623 l 10.72248,0.335688 c 9.73563,0.304794 11.10571,0.589572 14.88646,3.094227 2.29019,1.517196 5.40533,4.634333 6.92252,6.926971 L 494.5,88.353942 V 256 423.64606 l -2.75854,4.16843 c -1.51719,2.29264 -4.6327,5.40978 -6.92335,6.92697 L 480.65329,437.5 459.82664,437.80613 439,438.11226 V 301.05613 C 439,225.67526 438.73435,164 438.40967,164 c -0.32468,0 -38.68718,28.39983 -85.25,63.11073 -46.56282,34.7109 -87.35967,65.09306 -90.65967,67.51591 -3.3,2.42285 -20.84919,15.38055 -38.99819,28.7949 -18.14901,13.41434 -33.26821,24.22283 -33.59823,24.01887 -0.33001,-0.20396 -26.65583,-34.35133 -58.5018,-75.88303 L 73.5,196.04518 73.246001,317.02259 72.992002,438 53.246001,437.99921 c -18.089058,-7.2e-4 -20.10452,-0.17825 -24.018522,-2.11564 z"
       id="path80"
       inkscape:connector-curvature="0" />
    <path
       style="fill:#c2c2c2"
       d="m 29.556949,435.95311 c -5.365875,-2.67706 -8.08031,-5.40767 -10.506467,-10.5691 C 17.009217,421.04141 17,420.28392 17,256.87692 17,129.89416 17.278433,91.800179 18.229837,88.61602 19.817258,83.303238 26.303238,76.817258 31.61602,75.229837 33.87983,74.553427 39.583442,74 44.290712,74 h 8.558673 l 38.825307,28.2959 c 21.353918,15.56274 67.068678,48.89676 101.588358,74.07559 l 62.76305,45.77969 4.73695,-3.4584 c 2.60532,-1.90212 48.31741,-35.23613 101.58241,-74.07559 L 459.19091,74 l 9.15455,0.0098 c 7.5327,0.008 10.06108,0.431879 14.27157,2.392389 5.75245,2.67849 9.63755,7.169782 11.33,13.097842 0.84067,2.944591 1.06428,47.554919 0.84748,169.073149 L 494.5,423.6463 l -2.75854,4.16831 c -1.51719,2.29257 -4.6327,5.40966 -6.92335,6.92685 L 480.65329,437.5 459.82664,437.80613 439,438.11226 V 301.05613 C 439,225.67526 438.74045,164 438.42323,164 c -0.31722,0 -6.80305,4.6125 -14.41296,10.25 -7.60991,5.6375 -14.81733,10.925 -16.0165,11.75 -1.19917,0.825 -2.99637,2.175 -3.99377,3 -0.9974,0.825 -2.7974,2.175 -4,3 -1.91706,1.31513 -3.74728,2.72465 -7.5,5.77604 -0.55,0.44721 -2.56286,1.91805 -4.47301,3.26854 -1.91016,1.35048 -3.9978,2.90542 -4.63919,3.45542 -0.6414,0.55 -2.22855,1.76325 -3.52699,2.6961 -1.29845,0.93286 -10.07665,7.45786 -19.50713,14.5 -9.43048,7.04215 -18.13495,13.4789 -19.34327,14.3039 -1.20832,0.825 -3.01301,2.175 -4.01041,3 -0.9974,0.825 -2.7974,2.175 -4,3 -1.2026,0.825 -3.0026,2.175 -4,3 -0.9974,0.825 -2.7974,2.175 -4,3 -1.2026,0.825 -3.0026,2.175 -4,3 -0.9974,0.825 -2.81268,2.175 -4.03396,3 -1.22127,0.825 -11.78449,8.7 -23.47382,17.5 -11.68932,8.8 -22.2587,16.675 -23.48752,17.5 -1.99567,1.33985 -9.90002,7.16954 -12.5047,9.22259 -9.70718,7.65132 -67.16304,49.48567 -67.59642,49.21782 -0.33001,-0.20396 -26.65583,-34.35133 -58.5018,-75.88303 L 73.5,196.04518 73.246001,317.02259 72.992002,438 53.246001,437.96015 c -17.584466,-0.0355 -20.177635,-0.25519 -23.689052,-2.00704 z"
       id="path78"
       inkscape:connector-curvature="0" />
    <path
       style="fill:#bbbbbb"
       d="m 29.556949,435.95311 c -5.365875,-2.67706 -8.08031,-5.40767 -10.506467,-10.5691 C 17.009217,421.04141 17,420.28392 17,256.87692 17,129.89416 17.278433,91.800179 18.229837,88.61602 19.817258,83.303238 26.303238,76.817258 31.61602,75.229837 33.87983,74.553427 39.583442,74 44.290712,74 h 8.558673 l 38.825307,28.2959 c 21.353918,15.56274 67.068678,48.89676 101.588358,74.07559 l 62.76305,45.77969 4.73695,-3.4584 c 2.60532,-1.90212 48.31741,-35.23613 101.58241,-74.07559 L 459.19091,74 l 9.15455,0.0098 c 7.5327,0.008 10.06108,0.431879 14.27157,2.392389 5.75245,2.67849 9.63755,7.169782 11.33,13.097842 0.84067,2.944591 1.06428,47.554919 0.84748,169.073149 L 494.5,423.6463 l -2.75854,4.16831 c -1.51719,2.29257 -4.6327,5.40966 -6.92335,6.92685 l -4.16482,2.75854 -20.82311,0.3061 -20.82311,0.3061 L 438.75354,300.61835 438.5,163.12449 406,187.38435 c -17.875,13.34292 -58.825,43.91079 -91,67.9286 -32.175,24.01781 -59.01583,43.47989 -59.6463,43.24907 -0.63046,-0.23081 -6.33296,-4.27669 -12.6722,-8.99084 C 236.34225,284.85703 230.66863,281 230.07345,281 c -0.59519,0 -14.65193,8.35554 -31.23721,18.56786 l -30.15506,18.56786 -2.24552,-2.31786 c -2.24353,-2.3158 -26.61255,-33.7687 -69.953438,-90.28833 L 73.5,195.55906 73.246001,316.77953 72.992002,438 53.246001,437.96015 c -17.584466,-0.0355 -20.177635,-0.25519 -23.689052,-2.00704 z"
       id="path76"
       inkscape:connector-curvature="0" />
    <path
       style="fill:#b3b3b3"
       d="m 29.556949,435.95311 c -5.365875,-2.67706 -8.08031,-5.40767 -10.506467,-10.5691 C 17.009217,421.04141 17,420.28392 17,256.87692 17,129.89416 17.278433,91.800179 18.229837,88.61602 19.817258,83.303238 26.303238,76.817258 31.61602,75.229837 33.87983,74.553427 39.583442,74 44.290712,74 h 8.558673 l 38.825307,28.2959 c 21.353918,15.56274 67.068678,48.89676 101.588358,74.07559 l 62.76305,45.77969 4.73695,-3.4584 c 2.60532,-1.90212 48.31741,-35.23613 101.58241,-74.07559 L 459.19091,74 l 9.15455,0.0098 c 7.5327,0.008 10.06108,0.431879 14.27157,2.392389 5.75245,2.67849 9.63755,7.169782 11.33,13.097842 0.84067,2.944591 1.06428,47.554919 0.84748,169.073149 L 494.5,423.6463 l -2.75854,4.16831 c -1.51719,2.29257 -4.6327,5.40966 -6.92335,6.92685 l -4.16482,2.75854 -20.82311,0.3061 -20.82311,0.3061 -0.25353,-137.49442 -0.25354,-137.49443 -73,54.50478 c -40.15,29.97763 -81.21149,60.58932 -91.24775,68.02598 l -18.24776,13.5212 -13.12699,-9.72824 c -7.21984,-5.35053 -22.77938,-16.84726 -34.57674,-25.54829 l -21.44975,-15.82005 -10.6755,6.61304 C 139.15338,277.62546 137.89745,278.3286 136.52859,276.88828 135.05831,275.34124 102.79082,233.64095 85,210.29625 L 73.5,195.20622 73.246017,316.60311 72.992033,438 53.246017,437.96015 c -17.584482,-0.0355 -20.177651,-0.25519 -23.689068,-2.00704 z"
       id="path74"
       inkscape:connector-curvature="0" />
    <path
       style="fill:#adadad"
       d="m 29.556949,435.95311 c -5.365875,-2.67706 -8.08031,-5.40767 -10.506467,-10.5691 C 17.009217,421.04141 17,420.28392 17,256.87692 17,129.89416 17.278433,91.800179 18.229837,88.61602 19.817258,83.303238 26.303238,76.817258 31.61602,75.229837 33.87983,74.553427 39.583442,74 44.290712,74 h 8.558673 l 38.825307,28.2959 c 21.353918,15.56274 67.068678,48.89676 101.588358,74.07559 l 62.76305,45.77969 4.73695,-3.4584 c 2.60532,-1.90212 48.31741,-35.23613 101.58241,-74.07559 L 459.19091,74 l 9.15455,0.0098 c 7.5327,0.008 10.06108,0.431879 14.27157,2.392389 5.75245,2.67849 9.63755,7.169782 11.33,13.097842 0.84067,2.944591 1.06428,47.554919 0.84748,169.073149 L 494.5,423.6463 l -2.75854,4.16831 c -1.51719,2.29257 -4.6327,5.40966 -6.92335,6.92685 l -4.16482,2.75854 -20.82311,0.3061 -20.82311,0.3061 -0.25353,-137.49442 -0.25354,-137.49443 -73,54.50478 c -40.15,29.97763 -81.19675,60.57844 -91.215,68.00179 l -18.21501,13.497 -45.78499,-33.95609 c -25.18175,-18.67585 -49.3772,-36.61307 -53.76766,-39.86049 l -7.98266,-5.90439 -19.01734,11.75575 C 111.40635,242.35719 110.42851,242.82832 109,241.04727 108.175,240.01867 99.85,229.18729 90.5,216.97754 L 73.5,194.77798 73.246017,316.38899 72.992033,438 53.246017,437.96015 c -17.584482,-0.0355 -20.177651,-0.25519 -23.689068,-2.00704 z"
       id="path72"
       inkscape:connector-curvature="0" />
    <path
       style="fill:#d5918a"
       d="m 29.556949,435.95311 c -5.365875,-2.67706 -8.08031,-5.40767 -10.506467,-10.5691 C 17.009217,421.04141 17,420.28392 17,256.87692 17,129.89416 17.278433,91.800179 18.229837,88.61602 19.817258,83.303238 26.303238,76.817258 31.61602,75.229837 33.87983,74.553427 39.583442,74 44.290712,74 h 8.558673 l 38.825307,28.2959 c 21.353918,15.56274 67.068678,48.89676 101.588358,74.07559 l 62.76305,45.77969 4.73695,-3.4584 c 2.60532,-1.90212 48.31741,-35.23613 101.58241,-74.07559 L 459.19091,74 l 9.15455,0.0098 c 7.5327,0.008 10.06108,0.431879 14.27157,2.392389 5.75245,2.67849 9.63755,7.169782 11.33,13.097842 0.84067,2.944591 1.06428,47.554919 0.84748,169.073149 L 494.5,423.6463 l -2.75854,4.16831 c -1.51719,2.29257 -4.6327,5.40966 -6.92335,6.92685 l -4.16482,2.75854 -20.82311,0.3061 -20.82311,0.3061 -0.25353,-137.49442 -0.25354,-137.49443 -73,54.50478 c -40.15,29.97763 -81.20062,60.5813 -91.22361,68.00815 l -18.2236,13.50336 -74.23042,-55.31982 C 140.99564,213.39392 99.921268,182.81015 90.545979,175.8559 L 73.5,163.21179 73.246467,300.6059 72.992934,438 53.246467,437.96015 c -17.584929,-0.0355 -20.178091,-0.25518 -23.689518,-2.00704 z"
       id="path70"
       inkscape:connector-curvature="0" />
    <path
       style="fill:#d7837c"
       d="M 28.879631,435.20578 C 24.98558,433.1715 22.710769,431.0851 20.515439,427.53433 L 17.5,422.65711 17.241276,256.95945 16.982552,91.261783 19.785497,85.896331 c 2.041418,-3.907721 4.126827,-6.184713 7.675738,-8.380892 4.437197,-2.745879 5.774142,-3.04403 14.955778,-3.335273 L 52.5,73.860332 99,107.75962 c 25.575,18.64462 71.25,51.97014 101.5,74.05673 30.25,22.0866 55.45,39.99548 56,39.79752 0.55,-0.19796 46.45,-33.52372 102,-74.05725 l 101,-73.697312 10.08299,0.320346 c 9.18114,0.291694 10.51881,0.590052 14.95578,3.335785 3.54438,2.193381 5.63454,4.473598 7.66701,8.364192 L 495,91.228383 V 256 420.77162 l -2.79422,5.34875 c -2.03263,3.89089 -4.12246,6.17064 -7.6674,8.36419 L 479.66521,437.5 459.83261,437.80829 440,438.11657 439.86441,312.30829 c -0.0746,-69.19456 -0.41207,-131.12707 -0.75,-137.62779 L 438.5,162.86099 l -90,67.18716 c -49.5,36.95293 -90.50606,67.59247 -91.12457,68.08785 -0.74418,0.59603 -13.09058,-8.01249 -36.5,-25.44959 C 201.41894,258.19375 160.3,227.56953 129.5,204.63259 l -56,-41.70353 -0.622345,18.28547 c -0.34229,10.05701 -0.67979,71.94797 -0.75,137.53547 L 72,438 H 53.114192 c -18.732345,0 -18.929272,-0.0227 -24.234561,-2.79422 z"
       id="path68"
       inkscape:connector-curvature="0" />
    <path
       style="fill:#ac746f"
       d="M 31.5,436.49645 C 26.387315,434.68686 19.492875,427.43826 18.094698,422.40253 16.547606,416.83047 16.57061,95.091353 18.118499,89.5 19.587767,84.192647 27.192647,76.587767 32.5,75.118499 c 2.2,-0.60904 7.6,-1.097131 12,-1.084647 l 8,0.0227 101.37523,73.971728 C 209.6316,188.71272 255.60582,222 256.04016,222 c 0.43434,0 46.39049,-33.28548 102.12478,-73.96773 L 459.5,74.064534 l 8,-0.02669 c 4.4,-0.01468 9.8,0.471615 12,1.080655 5.30735,1.469268 12.91223,9.074148 14.3815,14.381501 0.78929,2.851086 1.10264,50.96185 1.09096,167.5 -0.0157,156.45737 -0.0954,163.6723 -1.8513,167.5 -2.33569,5.09166 -6.5295,9.28547 -11.62116,11.62116 -3.42111,1.56936 -6.71302,1.83809 -22.74648,1.85688 L 440.00704,438 439.75352,299.90786 439.5,161.81573 348.22182,230.00404 c -52.93526,39.54467 -91.85552,67.96676 -92.65257,67.66091 -1.51396,-0.58096 -8.02733,-5.39956 -110.90599,-82.04847 -38.96021,-29.02698 -71.135207,-52.47796 -71.5,-52.11327 -0.364793,0.36468 -0.817294,62.27565 -1.005558,137.57992 L 71.815404,438 53.657702,437.95611 C 40.645054,437.92465 34.366585,437.51105 31.5,436.49645 Z"
       id="path66"
       inkscape:connector-curvature="0" />
    <path
       style="fill:#dc5044"
       d="M 31.5,436.49645 C 26.387315,434.68686 19.492875,427.43826 18.094698,422.40253 16.547606,416.83047 16.57061,95.091353 18.118499,89.5 19.587767,84.192647 27.192647,76.587767 32.5,75.118499 c 2.2,-0.60904 7.6,-1.097131 12,-1.084647 l 8,0.0227 101.37523,73.971728 C 209.6316,188.71272 255.60582,222 256.04016,222 c 0.43434,0 46.39049,-33.28548 102.12478,-73.96773 L 459.5,74.064534 l 8,-0.02669 c 4.4,-0.01468 9.8,0.471615 12,1.080655 5.30735,1.469268 12.91223,9.074148 14.3815,14.381501 0.78929,2.851086 1.10264,50.96185 1.09096,167.5 -0.0157,156.45737 -0.0954,163.6723 -1.8513,167.5 -2.33569,5.09166 -6.5295,9.28547 -11.62116,11.62116 -3.42111,1.56936 -6.71302,1.83809 -22.74648,1.85688 L 440.00704,438 439.75352,299.90786 439.5,161.81573 348.22182,230.00404 C 292.6756,271.4992 256.38427,297.9777 255.51471,297.64402 254.72879,297.34243 224.92898,275.38154 189.29289,248.84203 153.6568,222.30252 112.8,191.87902 98.5,181.23425 L 72.5,161.88013 72.246479,299.94007 71.992959,438 53.746479,437.95611 C 40.657177,437.92462 34.369442,437.51206 31.5,436.49645 Z"
       id="path64"
       inkscape:connector-curvature="0" />
    <path
       style="fill:#d34a3d"
       d="M 32.557825,436.50788 C 25.18617,433.88185 20.052339,428.44848 18.016032,421.11763 16.937412,417.23452 16.515572,122 17.588644,122 c 0.323754,0 12.698754,8.83723 27.5,19.63829 L 72,161.27659 V 299.63829 438 L 54.25,437.9561 C 41.64534,437.9249 35.357249,437.50512 32.557825,436.50787 Z M 440,299.68958 V 161.37916 l 26.62436,-19.43958 c 14.6434,-10.69177 27.0184,-19.58958 27.5,-19.77291 1.36084,-0.51804 1.12154,295.40479 -0.24286,300.33333 -1.46927,5.30735 -9.07415,12.91223 -14.3815,14.3815 -2.22797,0.61678 -11.86338,1.10982 -21.75,1.11292 L 440,438 Z"
       id="path62"
       inkscape:connector-curvature="0" />
    <path
       style="fill:#b84136"
       d="M 440.24648,299.7946 440.5,161.58919 l 27,-19.7181 27,-19.71809 0.28057,147.6735 c 0.21746,114.45156 0.004,148.6851 -0.94901,152.17013 -1.578,5.7708 -8.72345,13.08117 -14.44758,14.78105 C 476.82034,437.53899 468.61589,438 457.63046,438 h -17.6375 z M 52.772691,168.75 C 42.584144,155.4125 30.32835,139.39337 25.537592,133.15194 20.746834,126.9105 17.478529,122.1855 18.27469,122.65194 19.070852,123.11837 31.472647,132.05 45.834235,142.5 l 26.111979,19 0.02689,15.75 c 0.01479,8.6625 -0.13121,15.75 -0.324446,15.75 -0.193236,0 -8.687423,-10.9125 -18.87597,-24.25 z"
       id="path60"
       inkscape:connector-curvature="0" />
    <path
       style="fill:#c23b2b"
       d="M 440.24648,299.7946 440.5,161.58919 l 27,-19.7181 27,-19.71809 0.25331,147.55435 c 0.16507,96.15321 -0.0955,148.84958 -0.74787,151.27247 -2.06861,7.68222 -8.21396,13.87256 -15.88781,16.00415 -1.9897,0.55268 -11.38171,1.00739 -20.87115,1.01045 L 439.99296,438 Z M 45.245166,158.37798 c -14.440159,-18.97609 -25.690159,-34.16912 -25,-33.76228 0.690159,0.40684 12.617334,9.01792 26.504834,19.13573 L 72,162.14746 v 15.42627 c 0,8.48445 -0.1125,15.39926 -0.25,15.36626 -0.1375,-0.033 -12.064675,-15.58591 -26.504834,-34.56201 z"
       id="path58"
       inkscape:connector-curvature="0" />
    <path
       style="fill:#a93c31"
       d="m 45.245166,158.37798 c -14.440159,-18.97609 -25.690159,-34.16912 -25,-33.76228 0.690159,0.40684 12.617334,9.01792 26.504834,19.13573 L 72,162.14746 v 15.42627 c 0,8.48445 -0.1125,15.39926 -0.25,15.36626 -0.1375,-0.033 -12.064675,-15.58591 -26.504834,-34.56201 z"
       id="path56"
       inkscape:connector-curvature="0" />
  </g>
</svg>
