<?xml version="1.0" encoding="UTF-8" standalone="no"?>
<!-- Created with Inkscape (http://www.inkscape.org/) -->

<svg
   xmlns:dc="http://purl.org/dc/elements/1.1/"
   xmlns:cc="http://creativecommons.org/ns#"
   xmlns:rdf="http://www.w3.org/1999/02/22-rdf-syntax-ns#"
   xmlns:svg="http://www.w3.org/2000/svg"
   xmlns="http://www.w3.org/2000/svg"
   xmlns:sodipodi="http://sodipodi.sourceforge.net/DTD/sodipodi-0.dtd"
   xmlns:inkscape="http://www.inkscape.org/namespaces/inkscape"
   version="1.1"
   id="svg2"
   width="50"
   height="50"
   viewBox="0 0 50 50"
   sodipodi:docname="google.svg"
   inkscape:version="0.92.5 (2060ec1f9f, 2020-04-08)">
  <metadata
     id="metadata8">
    <rdf:RDF>
      <cc:Work
         rdf:about="">
        <dc:format>image/svg+xml</dc:format>
        <dc:type
           rdf:resource="http://purl.org/dc/dcmitype/StillImage" />
        <dc:title></dc:title>
      </cc:Work>
    </rdf:RDF>
  </metadata>
  <defs
     id="defs6" />
  <sodipodi:namedview
     pagecolor="#ffffff"
     bordercolor="#666666"
     borderopacity="1"
     objecttolerance="10"
     gridtolerance="10"
     guidetolerance="10"
     inkscape:pageopacity="0"
     inkscape:pageshadow="2"
     inkscape:window-width="1920"
     inkscape:window-height="990"
     id="namedview4"
     showgrid="false"
     inkscape:zoom="15.32"
     inkscape:cx="25"
     inkscape:cy="25"
     inkscape:window-x="0"
     inkscape:window-y="60"
     inkscape:window-maximized="1"
     inkscape:current-layer="svg2" />
  <g
     id="g12"
     transform="matrix(0.09765962,0,0,0.09770978,-5.7815569e-4,-0.00119)">
    <path
       style="fill:#afcef0"
       d="m 235,511.47645 c -0.825,-0.22311 -7.20646,-0.86683 -14.18102,-1.4305 -13.73992,-1.11043 -36.70014,-6.42045 -51.5018,-11.91084 C 115.61449,478.21512 70.560989,442.31534 39.577758,394.75541 26.099847,374.06653 11.450752,338.5554 5.4765674,312.09012 -1.4256444,281.51373 -1.6458328,232.03835 4.9864716,201.9677 13.618335,162.83111 31.700489,125.05052 56.660851,94 65.417164,83.107207 83.107207,65.417164 94,56.660851 126.21125,30.767426 166.96525,11.631954 206.38236,3.8932941 c 9.83109,-1.9301119 34.23467,-3.86888192 48.85122,-3.88103934 42.8505,-0.03564122 75.73649,7.26500384 112.40365,24.95345824 22.69869,10.949981 51.8,30.390676 51.15384,34.172553 -0.25817,1.511033 -78.49873,66.428584 -81.40653,67.544414 -0.63943,0.24537 -7.17504,-2.49074 -14.52357,-6.08024 -24.32575,-11.88229 -45.00048,-16.25015 -72.36097,-15.28739 -23.99025,0.84417 -41.71545,5.25022 -61.90184,15.38728 -16.57511,8.32357 -28.33834,17.1071 -42.09816,31.43443 -19.41059,20.21116 -32.76041,45.48439 -39.01603,73.86324 -2.5016,11.34859 -3.12828,40.07549 -1.14669,52.56394 15.92993,100.39434 123.78218,157.22962 215.22677,113.41881 30.04196,-14.39301 56.2343,-40.4852 70.48178,-70.21228 2.30112,-4.80124 3.92253,-9.41054 3.60312,-10.2429 -0.50909,-1.32667 -8.8197,-1.54509 -67.36484,-1.77047 L 261.5,309.5 261.24065,259.0648 c -0.20408,-39.68531 0.009,-50.60561 1,-51.23469 0.69264,-0.43972 55.99175,-0.80638 122.88691,-0.8148 102.04877,-0.0128 121.81142,0.20624 122.76978,1.36099 1.63534,1.97047 4.07688,30.53442 4.09081,47.85899 0.0314,39.08549 -6.83748,72.09836 -22.00622,105.76471 -24.74395,54.91814 -70.40336,101.20691 -125.2208,126.94684 -22.33892,10.4894 -51.58794,19.1208 -71.65917,21.14666 -10.66617,1.07658 -55.30585,2.13909 -58.10196,1.38295 z"
       id="path26"
       inkscape:connector-curvature="0" />
    <path
       style="fill:#f7a39d"
       d="M 234.5,511.00211 C 158.45524,503.73973 90.836757,464.88466 47.329735,403.44994 43.454228,397.97747 38.31759,390.125 35.914983,386 33.512376,381.875 30.9867,378.05 30.30237,377.5 27.8916,375.56245 17.817857,352.71657 12.956393,338.16168 3.8044741,310.76147 0.00592011,286.6623 0.00592011,256 c 0,-42.85594 8.03107479,-77.57933 26.58910289,-114.96142 C 51.409616,91.053676 91.375735,51.26501 142.07441,26.071932 c 21.2366,-10.552845 42.57361,-17.91159 64.30795,-22.1786379 9.83109,-1.9301119 34.23467,-3.86888192 48.85122,-3.88103934 42.8505,-0.03564122 75.73649,7.26500384 112.40365,24.95345824 22.69869,10.949981 51.8,30.390676 51.15384,34.172553 -0.25817,1.511033 -78.49873,66.428584 -81.40653,67.544414 -0.63943,0.24537 -7.17504,-2.49074 -14.52357,-6.08024 -24.32575,-11.88229 -45.00048,-16.25015 -72.36097,-15.28739 -23.99025,0.84417 -41.71545,5.25022 -61.90184,15.38728 -16.57511,8.32357 -28.33834,17.1071 -42.09816,31.43443 -15.57813,16.22063 -26.96786,35.05658 -33.99453,56.21897 -5.38223,16.20979 -6.62725,23.58485 -7.20977,42.70821 -0.60098,19.72954 0.67803,30.93074 5.30231,46.43606 1.47628,4.95 2.87744,10.35 3.11368,12 0.83745,5.84896 12.12896,26.88252 20.15388,37.54216 26.99418,35.85683 67.09993,57.82437 111.13443,60.87282 62.11153,4.2999 119.74324,-28.26593 147.49359,-83.34391 C 395.52212,318.56015 398,312.59765 398,311.32107 V 309 h -66.87756 c -55.26636,0 -67.07411,-0.23684 -68.00968,-1.36413 -0.81651,-0.98384 -1.05974,-14.85352 -0.87245,-49.75 L 262.5,209.5 383.94598,209.24598 c 70.69493,-0.14787 121.82075,0.12075 122.3428,0.6428 1.11021,1.11021 3.36999,15.00022 4.81748,29.61122 3.01583,30.44176 -4.09207,75.43993 -17.21761,109 -15.60433,39.89799 -40.35374,74.15352 -75.20497,104.0908 -34.41503,29.56259 -77.93265,49.00979 -126.18368,56.38911 -15.80386,2.41698 -43.68678,3.38913 -58,2.0222 z"
       id="path24"
       inkscape:connector-curvature="0" />
    <path
       style="fill:#508df6"
       d="M 234.5,511.00211 C 183.54125,506.13548 135.7798,486.94193 96,455.34411 85.102373,446.68793 65.332472,426.92111 56.649755,416 34.094706,387.63029 16.66958,352.11414 8.02984,316.90215 2.3242553,293.64856 0.60298767,279.53371 0.60298767,256 c 0,-23.53371 1.72126763,-37.64856 7.42685233,-60.90215 C 16.733903,159.62371 34.382321,124.0159 57.641678,95 86.474039,59.03181 128.60757,29.682185 173.5,14.294725 187.16021,9.6125129 200.10189,6.4307798 218.21098,3.3024611 231.5213,1.0031218 236.34723,0.65681853 255.5,0.62664234 c 18.35727,-0.0289228 24.3019,0.34552021 35.90215,2.26142256 45.88212,7.5779111 83.25844,23.0597781 117.88776,48.8309971 4.83445,3.597809 8.65945,6.900262 8.5,7.338784 -0.15945,0.438521 -18.43761,15.665725 -40.61813,33.838229 l -40.32823,33.040915 -11.67177,-5.84752 c -37.25659,-18.66544 -77.77484,-21.834717 -116.2769,-9.09501 -24.68657,8.16838 -44.68419,20.70283 -62.45068,39.14387 -13.21585,13.71763 -20.23552,23.84702 -28.31718,40.86167 -8.39756,17.67974 -12.10264,31.26607 -14.18071,52 -2.69297,26.86896 2.54731,53.93981 15.58288,80.5 23.75762,48.40651 71.75142,80.69606 125.47081,84.41498 62.11153,4.2999 119.74324,-28.26593 147.49359,-83.34391 C 395.52212,318.56015 398,312.59765 398,311.32107 V 309 h -66.87756 c -55.26636,0 -67.07411,-0.23684 -68.00968,-1.36413 -0.81651,-0.98384 -1.05974,-14.85352 -0.87245,-49.75 L 262.5,209.5 383.94598,209.24598 c 70.69493,-0.14787 121.82075,0.12075 122.3428,0.6428 1.11021,1.11021 3.36999,15.00022 4.81748,29.61122 3.01583,30.44176 -4.09207,75.43993 -17.21761,109 -15.60433,39.89799 -40.35374,74.15352 -75.20497,104.0908 -34.41503,29.56259 -77.93265,49.00979 -126.18368,56.38911 -15.80386,2.41698 -43.68678,3.38913 -58,2.0222 z"
       id="path22"
       inkscape:connector-curvature="0" />
    <path
       style="fill:#f9b903"
       d="M 234.5,511.00211 C 183.54125,506.13548 135.7798,486.94193 96,455.34411 85.102373,446.68793 65.332472,426.92111 56.649755,416 34.094706,387.63029 16.66958,352.11414 8.02984,316.90215 2.3242553,293.64856 0.60298767,279.53371 0.60298767,256 c 0,-23.53371 1.72126763,-37.64856 7.42685233,-60.90215 C 16.733903,159.62371 34.382321,124.0159 57.641678,95 86.474039,59.03181 128.60757,29.682185 173.5,14.294725 187.16021,9.6125129 200.10189,6.4307798 218.21098,3.3024611 231.5213,1.0031218 236.34723,0.65681853 255.5,0.62664234 c 18.35727,-0.0289228 24.3019,0.34552021 35.90215,2.26142256 45.88212,7.5779111 83.25844,23.0597781 117.88776,48.8309971 4.83445,3.597809 8.65945,6.900262 8.5,7.338784 -0.15945,0.438521 -18.43761,15.665725 -40.61813,33.838229 l -40.32823,33.040915 -11.67177,-5.84752 c -37.25659,-18.66544 -77.77484,-21.834717 -116.2769,-9.09501 -24.68657,8.16838 -44.68419,20.70283 -62.45068,39.14387 -13.21585,13.71763 -20.23552,23.84702 -28.31718,40.86167 -13.84457,29.14754 -17.83689,58.25506 -12.48136,91 7.34741,44.92377 38.39828,87.47258 79.48233,108.91412 43.57918,22.74373 95.68186,23.27426 139.20639,1.41743 5.64879,-2.83666 9.25469,-4.11617 10,-3.54836 2.41852,1.84252 79.21028,64.52043 80.16562,65.43167 1.32622,1.265 -4.32207,6.13442 -16.45579,14.18664 -32.45025,21.53473 -66.41951,34.59483 -105.54421,40.57841 -15.80386,2.41698 -43.68678,3.38913 -58,2.0222 z"
       id="path20"
       inkscape:connector-curvature="0" />
    <path
       style="fill:#f16156"
       d="M 234.5,511.00211 C 159.08688,503.80006 92.012755,465.55759 48.193024,404.77874 40.478582,394.07866 30.884172,377.99643 31.561391,376.90067 c 0.274486,-0.44413 17.697963,-14.84772 38.718837,-32.00799 21.020875,-17.16026 39.172542,-32.05355 40.337042,-33.09619 l 2.11726,-1.89572 6.58749,13.29961 c 24.21511,48.88837 71.83508,80.98713 125.67798,84.7146 27.86984,1.9294 55.11884,-3.42305 79.33438,-15.58343 5.64879,-2.83666 9.25469,-4.11617 10,-3.54836 2.41852,1.84252 79.21028,64.52043 80.16562,65.43167 1.32622,1.265 -4.32207,6.13442 -16.45579,14.18664 -32.45025,21.53473 -66.41951,34.59483 -105.54421,40.57841 -15.80386,2.41698 -43.68678,3.38913 -58,2.0222 z M 70.278605,172.29435 29.057209,138.56201 l 3.559883,-6.531 C 34.575027,128.43895 39.477195,120.55 43.510798,114.5 74.84259,67.50546 120.14541,32.582699 173.5,14.294725 187.16021,9.6125129 200.10189,6.4307798 218.21098,3.3024611 231.5213,1.0031218 236.34723,0.65681853 255.5,0.62664234 c 18.35727,-0.0289228 24.3019,0.34552021 35.90215,2.26142256 45.88212,7.5779111 83.25844,23.0597781 117.88776,48.8309971 4.83445,3.597809 8.65945,6.900262 8.5,7.338784 -0.15945,0.438521 -18.43761,15.665725 -40.61813,33.838229 l -40.32823,33.040915 -11.67177,-5.84752 c -37.25659,-18.66544 -77.77484,-21.834717 -116.2769,-9.09501 -11.34173,3.75279 -26.09483,10.55034 -34.29672,15.80235 -18.06892,11.57027 -36.93178,30.57573 -48.33777,48.70319 -2.73237,4.34254 -11.19141,21.59754 -13.85573,28.26334 -0.84773,2.1209 -3.49884,0.14047 -42.126055,-31.46899 z"
       id="path18"
       inkscape:connector-curvature="0" />
    <path
       style="fill:#f04234"
       d="M 234.5,511.00211 C 159.08688,503.80006 92.012755,465.55759 48.193024,404.77874 40.478582,394.07866 30.884172,377.99643 31.561391,376.90067 c 0.274486,-0.44413 17.697963,-14.84772 38.718837,-32.00799 21.020875,-17.16026 39.172542,-32.05355 40.337042,-33.09619 l 2.11726,-1.89572 6.58749,13.29961 c 24.21511,48.88837 71.83508,80.98713 125.67798,84.7146 27.86984,1.9294 55.11884,-3.42305 79.33438,-15.58343 5.64879,-2.83666 9.25469,-4.11617 10,-3.54836 2.41852,1.84252 79.21028,64.52043 80.16562,65.43167 1.32622,1.265 -4.32207,6.13442 -16.45579,14.18664 -32.45025,21.53473 -66.41951,34.59483 -105.54421,40.57841 -15.80386,2.41698 -43.68678,3.38913 -58,2.0222 z M 69.816362,172.18874 c -22.685353,-18.58332 -38.711084,-32.39979 -38.75,-33.40806 -0.0365,-0.94563 2.247316,-5.67063 5.075145,-10.5 C 65.896214,77.465507 111.96395,38.488776 166.5,17.987699 185.82493,10.723113 210.6856,4.8235885 228.09039,3.3720843 233.17919,2.9476949 235.6634,2.4059407 234.46452,1.9820203 233.38403,1.5999641 237.675,1.0715213 244,0.80770304 c 13.62892,-0.56846748 37.5761,0.26403886 34,1.18198536 -1.63998,0.420965 0.42408,0.8873767 6,1.3558113 12.87362,1.0815159 36.54986,6.2281127 51.69649,11.2374663 17.74283,5.867981 34.21006,13.386821 49.99974,22.829586 C 398.43377,45.030032 416,57.469145 416,58.871448 c 0,0.783026 -77.4238,64.389742 -79.08786,64.973802 -0.54102,0.18989 -5.89554,-2.15255 -11.89895,-5.20544 -11.85639,-6.02927 -28.31623,-11.56914 -42.51319,-14.30862 -12.46923,-2.40609 -40.56274,-2.4025 -53,0.007 -51.70021,10.01505 -92.8651,42.2198 -113.96907,89.16204 -2.47265,5.5 -5.06615,10.08493 -5.76333,10.18874 -0.69718,0.1038 -18.675237,-14.0712 -39.951238,-31.5 z"
       id="path16"
       inkscape:connector-curvature="0" />
    <path
       style="fill:#28b345"
       d="M 234.5,511.00211 C 159.08688,503.80006 92.012755,465.55759 48.193024,404.77874 40.478582,394.07866 30.884172,377.99643 31.561391,376.90067 c 0.274486,-0.44413 17.697963,-14.84772 38.718837,-32.00799 21.020875,-17.16026 39.172542,-32.05355 40.337042,-33.09619 l 2.11726,-1.89572 6.58749,13.29961 c 24.21511,48.88837 71.83508,80.98713 125.67798,84.7146 27.86984,1.9294 55.11884,-3.42305 79.33438,-15.58343 5.64879,-2.83666 9.25469,-4.11617 10,-3.54836 2.41852,1.84252 79.21028,64.52043 80.16562,65.43167 1.32622,1.265 -4.32207,6.13442 -16.45579,14.18664 -32.45025,21.53473 -66.41951,34.59483 -105.54421,40.57841 -15.80386,2.41698 -43.68678,3.38913 -58,2.0222 z"
       id="path14"
       inkscape:connector-curvature="0" />
  </g>
</svg>
