<?xml version="1.0" encoding="UTF-8" standalone="no"?>
<svg
   xmlns:dc="http://purl.org/dc/elements/1.1/"
   xmlns:cc="http://creativecommons.org/ns#"
   xmlns:rdf="http://www.w3.org/1999/02/22-rdf-syntax-ns#"
   xmlns:svg="http://www.w3.org/2000/svg"
   xmlns="http://www.w3.org/2000/svg"
   xmlns:sodipodi="http://sodipodi.sourceforge.net/DTD/sodipodi-0.dtd"
   xmlns:inkscape="http://www.inkscape.org/namespaces/inkscape"
   role="img"
   viewBox="0 0 50 50"
   version="1.1"
   id="svg6"
   sodipodi:docname="habr.svg"
   width="50"
   height="50"
   style="fill:#65a3be"
   inkscape:version="0.92.3 (2405546, 2018-03-11)">
  <metadata
     id="metadata12">
    <rdf:RDF>
      <cc:Work
         rdf:about="">
        <dc:format>image/svg+xml</dc:format>
        <dc:type
           rdf:resource="http://purl.org/dc/dcmitype/StillImage" />
        <dc:title>Habr</dc:title>
      </cc:Work>
    </rdf:RDF>
  </metadata>
  <defs
     id="defs10" />
  <sodipodi:namedview
     pagecolor="#ffffff"
     bordercolor="#666666"
     borderopacity="1"
     objecttolerance="10"
     gridtolerance="10"
     guidetolerance="10"
     inkscape:pageopacity="0"
     inkscape:pageshadow="2"
     inkscape:window-width="1920"
     inkscape:window-height="986"
     id="namedview8"
     showgrid="false"
     inkscape:zoom="14.9"
     inkscape:cx="25"
     inkscape:cy="25"
     inkscape:window-x="0"
     inkscape:window-y="60"
     inkscape:window-maximized="1"
     inkscape:current-layer="svg6" />
  <title
     id="title2">Habr</title>
  <circle
     id="path14"
     cx="25"
     cy="25"
     style="fill:#65a3be;fill-opacity:1;stroke-width:8.28063869"
     r="25" />
  <path
     d="m 9.250525,22.043938 0.2833461,0.421686 c -0.5666921,-0.01667 -1.160052,-0.07167 -1.2733904,-0.315014 0,-0.01167 0.00333,-0.02333 0.00667,-0.035 0.3166808,-0.08334 0.5883597,-0.08834 0.9833773,-0.07167 z m 3.010135,1.283391 0.136673,0.416685 -0.320015,0.01333 0.07667,-0.426686 c 0.03667,0 0.07,-0.0017 0.106672,-0.005 z m 1.090049,3.041803 c -0.283346,0.260011 -0.50169,0.433352 -0.67003,0.82837 -0.233344,-0.191675 -0.355016,-0.571692 -0.43002,-0.996711 -0.08334,-0.463354 -0.110005,-0.978377 -0.173341,-1.363395 l 0.02,-0.196675 0.328348,-0.02333 0.836704,1.583404 0.08834,0.166674 z m -0.423353,-3.903508 a 100.88285,100.88285 0 0 1 0.128339,-0.853372 l 0.108339,-0.0067 c -0.08,0.286683 -0.160008,0.573362 -0.236678,0.860042 z m -0.228343,-3.870174 1.500067,0.406685 a 3.291814,3.291814 0 0 0 -0.0067,0.06667 c -0.698362,0.51669 -1.343391,0.743366 -1.690073,1.676742 l 0.131673,-2.07676 0.065,-0.07167 z m 1.400062,-2.150096 c -0.09667,0.96671 0.04,1.393396 0.208343,1.993423 0.266679,0.190008 0.373351,0.305013 0.28668,0.586693 -0.450021,-0.223344 -0.926709,-0.456688 -1.616739,-0.420019 a 4.6652088,4.6652088 0 0 1 -0.05,-0.05834 c 0.193342,-0.761701 0.570025,-1.230055 0.861705,-1.833416 l 0.31168,-0.270012 z m 2.156764,-1.286724 0.065,-0.005 c -0.206673,0.713365 -0.29001,2.358439 -0.651693,3.011801 -0.855038,-0.405018 -0.838371,-2.160096 0.118339,-2.853461 l 0.466687,-0.15334 z m -0.796702,5.28357 0.720032,0.781701 c -0.283346,0.870039 -0.81837,1.525069 -1.045047,2.533447 l -0.425019,-0.03334 c -0.36335,-1.015045 0.545024,-2.668453 0.700031,-3.408486 l 0.666697,0.07667 c 0.08334,0.208343 0.163341,0.416685 0.245011,0.626695 l -0.861705,-0.578359 z m 1.970088,-5.290237 c -0.07334,0.845038 0.113338,1.283391 0.16334,1.936753 -0.423352,0.216677 -0.848371,0.430019 -1.271723,0.645029 a 8.7703926,8.7703926 0 0 1 0.621694,-2.545114 z m 0.493355,-1.28339 0.09501,-0.0067 -0.14334,0.411684 -0.28168,0.01833 0.216677,-0.255011 z m 0.09501,3.941842 -1.273391,0.783369 c 0.02667,-0.473355 0.630028,-1.111717 1.135051,-1.288391 l 0.116667,0.06334 z m 0.850033,-2.963466 c -0.07834,0.436687 -0.155007,0.871706 -0.230011,1.308392 l -0.238344,0.150007 -0.126672,0.138339 C 18.042586,16.12034 17.98425,15.326971 18.034252,14.72361 Z m 0.846704,-0.983377 c 0,0.01667 -0.0033,0.03 -0.005,0.04334 l -0.325015,0.31168 c -0.216676,0.08334 -0.243344,0.08 -0.516689,0.07 0.035,-0.141673 0.075,-0.283346 0.113338,-0.425019 z m 0.850038,-1.720077 -0.380017,0.858372 -1.316725,-0.095 0.005,-0.07 c 0.541691,-0.250011 1.016712,-0.546691 1.690075,-0.695031 z m -0.686697,2.233433 0.140006,-0.08334 0.121672,0.430019 -0.425019,-0.08334 0.163341,-0.265011 z m 1.110049,1.271724 c -0.505022,0.196675 -1.203387,0.141673 -1.608405,0.366683 a 129.85915,129.85915 0 0 0 -0.08834,-0.51669 l 0.263345,-0.345015 c 0.428352,0.166674 0.856705,0.336681 1.283391,0.505022 z m -1.085048,0.773368 -0.576693,0.02167 c -0.01333,-0.06 -0.02333,-0.120006 -0.035,-0.181675 0.405018,-0.165007 1.085048,-0.180008 1.696742,-0.248344 l -0.645029,0.355015 z m 1.508401,0 c -0.485022,0.121672 -0.950043,0.550024 -1.26839,0.883373 -0.06167,-0.390018 0.686697,-1.076715 1.045046,-1.291725 0.158341,0.141673 0.175008,0.126672 0.223344,0.408352 z m 0.850038,-5.138563 -0.0067,0.06667 -0.510023,0.308348 -0.756701,0.055 0.0067,-0.06667 z m -0.686698,1.290058 -0.16334,-0.241678 c 0.38335,-0.321681 1.228388,-0.145006 1.698409,-0.09667 z m 3.796837,-1.266724 c 0.708365,0.05834 1.356727,0.22501 1.850083,0.533357 l 0.130006,-0.0083 -0.07834,0.110005 -0.678364,0.200009 c -0.408349,-0.05667 -0.8167,-0.116672 -1.223385,-0.175008 l -2.686787,-0.381684 0.0067,-0.055 a 8.9587343,8.9587343 0 0 1 2.68012,-0.221677 z m 2.821793,-0.226677 -0.150007,0.203343 a 2.0500918,2.0500918 0 0 1 -1.116716,-0.430019 l 1.27339,0.161674 z m 2.260101,1.590072 0.351683,-0.13334 0.365016,0.313348 c -0.05,0.358349 -0.395018,0.651695 -0.66003,1.000044 l -0.203342,0.01333 C 29.75311,12.946861 29.054745,11.945149 27.82969,11.5918 l -0.05334,-0.108338 0.495022,-0.200009 c 0.831704,0.290013 1.525068,0.730033 2.296769,0.983377 0.100005,0.241678 0.06834,0.160007 -0.116672,0.403352 z m 1.023379,2.038424 -0.09667,-0.095 -0.210009,0.015 0.350016,-0.333348 z m 0.375017,4.746879 c 0.573359,0.496689 0.720032,1.216721 0.481688,2.150096 -0.246677,-0.553358 -0.491688,-1.108383 -0.740033,-1.661741 0.08334,-0.123339 0.161674,-0.246678 0.243344,-0.370017 0.005,-0.04 0.0083,-0.08 0.015,-0.118338 z m 0.166674,-3.86684 -0.0067,0.08 -0.30168,0.345016 -0.116672,-0.228344 c 0.181675,-0.325014 0.05,-0.150007 0.288346,-0.183341 z m 0.353349,-0.005 1.343394,0.498356 c -0.0017,0.045 -0.0067,0.09 -0.01167,0.133339 -0.113339,0.07834 -0.226677,0.15334 -0.340016,0.228344 l -1.34506,-0.496689 0.01167,-0.135006 z m 2.616784,1.721744 -0.745033,-0.495022 -0.103338,-0.200009 c 0.323348,-0.200009 0.276679,-0.190009 0.618361,-0.123339 0.075,0.273345 0.15334,0.545024 0.23001,0.816703 z m 0.423352,-0.163341 -0.150006,0.163341 c -0.180008,-0.09334 -0.211676,-0.211676 -0.273346,-0.431686 l 0.388351,0.170007 z m -0.31668,-1.231722 -0.106672,0.0083 c 0.116672,-0.111671 0.233344,-0.223343 0.353349,-0.333348 -0.08334,0.108338 -0.166674,0.216677 -0.246677,0.325015 z m 2.01509,2.163431 -0.208343,0.09167 A 383.58384,383.58384 0 0 1 35.766712,17.52707 164.57403,164.57403 0 0 1 35.411696,17.043715 c 0.58836,-0.433353 0.610028,0.07 1.165053,0.345015 z m 0.423352,0.380017 -0.423352,-0.155007 0.255011,-0.13334 z m -0.51669,0.693364 c 0.15334,0.308347 0.15334,0.221676 0.51669,0.175008 l -0.651696,0.563358 -0.621694,-1.186719 0.0083,-0.07334 c 0.458354,-0.09834 0.605027,0.06667 1.053381,0.133339 l 0.171674,0.276679 -0.475021,0.111672 z m 0.09334,0.771701 0.848371,-0.463354 c -0.170008,0.383351 -0.391684,0.580026 -0.653363,0.860039 z m 1.696742,1.64174 c -0.23001,0.198342 -0.380017,0.261679 -0.815036,0.298347 l 0.350016,0.03834 -0.0067,0.06167 -1.195054,0.506689 -0.03,-1.533402 0.82337,-0.975043 0.150037,-0.07167 z m -0.425021,-2.353438 c 2.343439,-0.653363 1.890085,0.590026 0.845038,1.538402 -0.283346,-0.51169 -0.565025,-1.025046 -0.845038,-1.538402 z m 2.121762,0.248344 c -0.863372,4.056848 -1.030046,4.278525 -4.083516,6.021936 -0.05,-0.08167 -0.105005,-0.161674 -0.160007,-0.241677 l 0.108338,-0.453354 c 1.991756,-0.566692 3.123473,-1.610072 3.005134,-3.971844 l 0.998378,-1.283391 z m 0.103338,0 c -0.03334,-0.140006 -0.06667,-0.280012 -0.103338,-0.420019 l 0.316681,-0.01 z m -5.195233,3.945177 0.03,-0.448354 0.02667,-0.38335 0.293346,-0.09834 c 0.015,0 0.02833,-0.0033 0.04167,-0.005 0.08334,0.508356 0,0.883373 -0.166675,1.291724 -0.143339,-0.09167 -0.171674,-0.130006 -0.225011,-0.356682 z m -1.696742,3.763501 0.0067,-0.075 0.556691,-1.331726 0.116672,-0.280012 0.980044,0.06667 c 0.015,0.07334 0.025,0.145006 0.03,0.213343 0.04334,0.506689 -0.131672,0.911707 -0.31168,1.440064 z m 0.425019,1.726744 0.01167,-0.666696 0.01667,-0.166674 0.716699,0.05334 0.103338,-0.0083 c -0.165007,0.271679 -0.328348,0.543357 -0.490022,0.816703 z m -0.420019,-2.783457 0.04333,-0.02167 0.338349,-0.175008 0.03834,-0.0033 -0.05,0.178341 -0.198343,0.681697 -0.176674,-0.606694 z m -0.661696,2.141762 -0.191676,-0.191675 c 0.186676,0.130005 0.065,0.0033 0.191676,0.191675 z m -1.040047,-0.51169 c 0.238344,-0.150007 0.496689,-0.103338 0.850038,-0.100004 l -0.105004,0.345015 c -0.29168,0.116672 -0.333349,0.07334 -0.661697,0.03834 z m 0.520023,1.610072 0.328348,0.776702 c -0.253344,0.171674 -0.508356,0.341682 -0.7617,0.515023 -0.226677,-0.311681 0.02,-1.183387 0.433352,-1.291725 z m -0.83837,-2.70012 -0.106672,0.0083 0.140006,-0.318348 -0.03333,0.311681 z m 1.221721,0.120005 -0.055,-0.035 0.186676,-0.393351 0.06167,-0.0017 0.176675,0.413352 z m 2.938465,-5.591917 -0.02333,-0.145007 c 0.111672,-0.136672 0.183342,-0.221676 0.375017,-0.283346 l 0.05,0.253345 c -0.08334,0.055 -0.166674,0.108338 -0.248344,0.165007 z m -0.02333,1.050047 c -0.07667,0.101671 -0.213342,0.15834 -0.310013,0.240011 l -0.115006,-2.150097 z m -0.778368,2.883462 c 0.280013,-0.156673 0.320015,-0.01167 0.353349,0.366683 H 34.56333 l 0.015,-0.133339 z m -0.416685,-1.188386 0.191675,-0.163341 0.155007,0.276679 -0.07167,0.15334 -0.353349,-0.04167 z m -0.07834,1.140051 -0.441686,0.416685 -0.288347,-0.04834 -0.116671,0.01167 c 0.06667,-0.131672 0.136672,-0.263345 0.205009,-0.393351 z m -1.600072,-0.245011 c -0.176674,-0.123339 -0.05,-0.106672 -0.08334,-0.200009 z m 1.336725,-1.920086 -1.433398,-0.743367 c 0.06667,-0.983377 0.186676,-2.113428 0.09001,-3.126806 1.105049,0.400018 2.09676,2.198431 1.343393,3.870173 z m -1.008378,0 c 0.351682,0.186675 0.333348,0.356683 0.821703,0.506689 0.085,0.318348 -0.045,0.44502 -0.248344,0.783369 l -0.520024,-0.02 c -0.106671,-0.566692 0.01,-0.891707 -0.05334,-1.270057 z m 0.09667,2.781791 c -0.178341,-0.123339 -0.05,-0.106671 -0.08334,-0.200009 z m 2.871796,-4.140185 0.005,-0.08 0.38335,-0.28168 c 0.06667,0.44002 0.04167,1.173386 -0.05834,1.720077 -0.226672,-0.176674 -0.268341,-0.923374 -0.33001,-1.358393 z m 0,1.358394 c 0.08667,-0.14334 0.173341,-0.28668 0.256678,-0.430019 l -0.150007,0.423352 z m 2.47511,-1.285058 0.07167,-0.005 c 0.02,1.648408 -0.996711,1.948421 -2.333437,2.566782 l -0.213343,0.015 0.83337,-1.726744 z m -2.516779,-3.220144 c 0.01333,0.04334 0.02833,0.085 0.04,0.128339 l -0.105003,0.07667 -0.318347,-0.430019 z m -0.38335,0.716699 0.01167,-0.075 a 5.5835832,5.5835832 0 0 1 0.09334,-0.0067 l 0.320015,0.430019 c -0.246678,-0.116672 -0.28668,-0.146673 -0.425019,-0.350015 z m 0.423352,1.100049 -0.571692,0.538358 -1.228389,-1.783414 -1.593404,-1.383395 0.350015,-0.273345 c 0.771702,0.333348 2.121762,0.968376 2.393441,1.761745 0.08834,0.258345 -0.216676,0.471688 -0.01,0.686698 0.246678,0.256678 0.493356,0.07334 0.661697,0.451686 z m -3.58016,2.688454 0.130006,0.05167 0.05667,1.240055 -0.198342,-0.04667 C 32.479899,24.002359 32.349893,23.36233 32.5199,23.083985 Z m -0.940042,2.156763 0.136672,-0.005 0.141673,0.336682 -0.216676,0.08334 -0.208343,0.01 c 0.05,-0.141673 0.100005,-0.283346 0.146674,-0.425019 z m -0.386684,6.876974 -0.183342,-0.628361 c 0.261679,-0.075 0.52169,-0.150007 0.783369,-0.228343 l 0.06667,-0.0033 a 0.87837265,0.87837265 0 0 0 -0.0083,0.05834 l -0.658362,0.800032 z m -0.608361,-1.720076 c 0.07834,-0.253345 0.133339,-0.29168 0.275012,-0.431686 l 0.116672,0.04667 0.03334,0.110004 -0.261678,0.256679 -0.163341,0.01667 z m 0.200009,0.430019 -0.200009,-0.22001 0.425019,-0.210009 -0.110005,0.421685 z m -0.446687,1.950087 c -0.06,-0.04667 -0.116671,-0.095 -0.176674,-0.145006 l 0.130006,-0.0083 0.655029,-0.50669 0.06334,0.51669 -0.501689,0.343349 z m 0.03334,4.926888 c -1.021712,0.04333 -1.633406,-0.216677 -2.466777,-0.290013 l -0.955043,-1.888418 -0.183341,-0.190009 c 1.603405,-0.190008 2.611783,-0.963376 3.80017,-1.498401 0.420019,0.400019 1.371728,2.436777 0.533357,3.338484 -0.200009,0.308347 -0.425019,0.340015 -0.730033,0.528357 z m -4.386863,-2.121762 0.383351,-0.025 c 0.578359,0.388351 0.97171,1.083382 1.248389,1.721744 l -1.698409,-0.491689 c 0.126672,-0.430019 0.180008,-0.866705 0.06667,-1.205054 z m -1.220059,-1.623406 1.913419,-0.551692 3.006801,0.293347 0.05334,0.151673 c -0.895041,0.403352 -1.913419,0.743367 -2.940132,1.26339 -1.111716,0.08834 -1.380062,-0.326681 -2.150096,-0.600026 l 0.118338,-0.556692 z m -0.118339,2.026757 0.03834,-0.37335 0.731699,-0.055 c 0.06,0.325014 0.123339,0.506689 0.03333,0.860038 l -0.803369,-0.433352 z m -0.850038,0.673364 0.285013,-0.156674 c 0.350015,-0.231677 0.611694,0.07667 0.988377,0.198342 l -0.150006,0.146674 -1.121717,-0.188342 z m 0.825037,-0.671697 a 26.601191,26.601191 0 0 1 -0.276679,-0.125005 l -0.123339,-0.305014 0.425019,0.02667 z m -1.248389,0 0.425019,0.365017 c 0,0.22501 -0.02,0.200008 -0.07167,0.495022 z m -1.10005,-1.611739 c 0.398352,-0.121672 0.928375,-0.095 1.525069,-0.108338 l -0.555025,0.430019 -1.141718,-0.111671 z M 21.41107,12.631851 c 0.788368,-0.753368 2.765124,-0.528357 3.260146,-0.05 l 0.133339,-0.01167 c -0.658363,0.615028 -1.678408,0.685031 -2.305103,1.293391 -0.491689,-0.326681 -0.898374,-0.53669 -1.088382,-1.231721 z m 4.333527,1.231721 0.333348,0.37835 c -0.29668,0.01667 -0.60836,0.035 -0.920041,0.06167 -0.701698,0.06 -1.395062,0.165008 -1.880084,0.416686 l -0.06334,0.0033 a 85.275484,85.275484 0 0 1 -0.105001,-0.165008 6.0736052,6.0736052 0 0 1 2.573449,-0.69003 z m 1.653407,-2.150096 c 0.548358,0.550025 1.366728,0.876706 1.650074,1.720077 -1.150051,-0.535024 -2.92013,-0.52669 -3.816837,-1.378395 0.790035,0.168341 1.463399,0.105005 2.166763,-0.341682 z m 0.378351,3.010134 1.573403,0.216677 0.123339,-0.01 -1.261723,1.083382 C 28.011365,15.615317 27.964696,15.075292 27.776355,14.72361 Z m 2.021757,1.840083 -0.325015,-0.05 0.423353,-0.07 -0.100005,0.120005 z m -0.325015,-1.02838 0.388351,-0.381683 0.035,0.430019 -0.28168,-0.06167 z m 0.770035,14.233971 -0.186675,0.0083 -0.160007,-0.150007 0.123338,-0.161674 0.300014,-0.116672 -0.07667,0.421686 z m -0.338349,0.786702 c 0.05,-0.06 0.103338,-0.120006 0.156674,-0.180008 l 0.01333,-0.166674 0.246678,0.391684 -0.425019,0.03834 z m -0.168341,1.373394 -0.263345,-0.31668 0.848372,-0.113339 -0.405019,0.416686 z m 0.160008,1.290058 -0.848372,-0.101671 0.600027,-0.328348 0.250011,0.430019 z m -0.595027,-1.213387 0.171674,0.16334 -0.615027,0.156674 -0.658363,0.03334 0.916708,-0.43002 z m -2.37344,-18.572498 c 0.495022,0.01333 1.018379,0.13834 1.271724,0.430019 -0.341682,-0.03333 -0.95671,0.02167 -1.111716,-0.241677 z m 0.43002,1.720077 c 0.241677,0.211676 0.326681,0.461687 0.283346,0.860038 -0.37335,-0.128339 -0.276679,-0.53669 -0.283346,-0.860038 z m 0.416685,2.711788 0.015,-0.07334 c 0.845038,-0.183342 1.026713,0.110005 0.641696,0.37335 -0.333348,-0.04667 -0.483355,-0.171675 -0.655029,-0.300014 z m 1.088382,11.052161 0.185008,0.04667 a 2.4834445,2.4834445 0 0 0 -0.0067,0.06 l -0.416652,0.323347 0.173341,-0.425019 z m -0.233344,-10.49047 0.316681,-0.261678 0.101671,0.430019 -0.423352,-0.09334 0.0033,-0.075 z m 1.266724,11.500515 -1.025046,0.268346 -0.246678,0.01167 c 0,-0.01333 0.0033,-0.02833 0.0067,-0.04167 0.38335,-0.07667 0.630028,-0.203343 0.856705,-0.388351 l 0.360016,0.06667 0.05,0.08334 z m -0.7317,-1.010045 -0.116672,-0.238344 0.29168,-0.191675 0.133339,0.07167 -0.166674,0.346682 z m -2.661786,2.975133 0.505023,-0.393351 1.563403,0.13334 0.05334,0.116671 -1.056714,0.610028 c -0.391688,-0.065 -0.730037,-0.238344 -0.933379,-0.476688 l -0.133339,0.01 z m -0.785035,0.03667 0.783369,0.43002 -1.271724,-0.225011 c 0.163341,-0.06667 0.325015,-0.136672 0.488355,-0.205009 z m -0.06334,0.878373 a 11.867198,11.867198 0 0 0 -0.005,0.103338 l -0.241678,0.133339 -0.178341,0.02333 0.0067,-0.103338 c 0.185008,-0.245011 0.15334,-0.163341 0.416685,-0.156674 z M 23.654503,15.30197 a 10.037116,10.037116 0 0 0 -0.121672,-0.128339 c 0.421686,-0.230011 1.086716,-0.340016 1.740078,-0.391685 0.538358,-0.045 1.068381,-0.05 1.448398,-0.05834 l 0.206676,1.290058 c -0.555025,-0.06 -1.083381,-0.133339 -1.655074,-0.15834 a 8.6670546,8.6670546 0 0 0 -1.480066,0.05334 68.428063,68.428063 0 0 0 -0.13834,-0.606694 z m 0.623362,17.259105 0.103338,0.183342 -0.100005,0.385017 -1.171719,0.09 c 0.125006,-0.38335 0.311681,-0.568358 0.513356,-0.860038 z m -1.446732,-1.491733 c -0.533357,-0.03 -1.26339,-0.420019 -1.420063,-0.860038 l 1.698409,0.431685 z m 0.596694,-0.02333 -0.318348,0.02333 0.01,-0.103338 0.353349,-0.326681 c -0.01667,0.135006 -0.03,0.270012 -0.045,0.406685 z m -1.166719,-15.729037 0.51669,-0.163341 0.331681,0.416685 -0.350016,0.01333 -0.500022,-0.266678 z m -0.0067,18.467493 c -0.02833,0.09334 -0.05334,0.188342 -0.08,0.283346 -0.04167,0.0017 -0.08334,0.0067 -0.123339,0.01167 A 154.42358,154.42358 0 0 0 21.83606,33.649457 l 0.425019,0.04333 z m 0.23501,-1.855084 0.990045,0.20001 0.05334,0.133339 -0.768339,0.956709 -0.928375,-0.136673 z m 7.406999,-13.480603 0.191675,-0.281679 0.07,-0.0017 0.533357,0.133339 0.05334,0.07667 -0.595027,0.22001 A 69.203097,69.203097 0 0 0 29.89645,18.448774 Z m 1.148384,-1.390062 -0.300013,-0.183342 c 0.305013,0.111672 0.130006,-0.015 0.300013,0.183342 z m -0.09667,1.966755 -0.203342,-0.173342 0.425019,-0.256678 z m -0.203342,3.010134 0.660029,0.163341 c 0.178342,0.07 0.173341,0.08834 0.188342,0.266679 -0.283346,-0.108339 -0.7567,-0.183342 -0.848371,-0.43002 z m 0.06667,-1.171719 0.09,-0.116672 0.268345,0.428353 -0.425019,-0.08334 z m -8.595384,14.152301 0.045,0.113338 -0.571692,0.218343 -0.278346,0.02167 0.0067,-0.05834 0.195008,-0.305014 c 0.270013,-0.125005 0.276679,-0.04334 0.603361,0.01 z m -1.228358,-21.5843 c 0.370017,0.276679 0.466688,0.616694 0.408352,1.721744 -0.243344,-0.311681 -0.391684,-0.973377 -0.408352,-1.720077 z m 0.243345,-0.858371 -0.03,0.31168 -0.211676,0.015 0.243344,-0.326681 z m -0.243345,0.430019 c -0.01167,0.103338 -0.02,0.206676 -0.03333,0.310014 l -0.391689,-0.07167 0.323348,-0.231677 0.100005,-0.0067 z m 0,24.947783 0.21001,-2.190098 1.486733,-0.391684 -1.563403,2.501779 z m 0.105005,-5.88693 0.228344,-0.135007 c 0.208342,0.246678 0.02167,0.601694 -0.175008,0.860039 -0.163341,-0.15334 -0.181675,-0.250011 -0.13834,-0.59836 l 0.08334,-0.126672 z m -1.378395,-0.21001 0.488355,-0.785035 0.783369,0.460021 c -0.266679,0.420018 -0.538358,0.840037 -0.80837,1.260056 -0.243344,-0.216676 -0.393351,-0.535024 -0.463354,-0.933375 z m 0,3.368485 0.783369,-0.713366 0.368349,0.03333 0.121672,0.200009 c -0.03333,0.21001 -0.06334,0.418352 -0.09334,0.626695 z m -1.271723,-0.58336 0.933375,-0.560025 0.710031,0.111672 0.05334,0.09834 -0.748367,0.650029 c -0.37335,-0.03834 -0.621694,-0.13834 -0.816703,-0.308347 l -0.133339,0.0083 z m -0.125006,-0.831704 0.341682,-0.158341 0.146673,0.03167 0.06,0.07 -0.988378,0.328349 -0.283346,-0.100004 z m -1.148385,-0.403351 0.250011,-0.605028 c 0.463354,-0.06 0.573359,0.168341 0.921708,0.313348 l 0.100005,0.15334 -0.518357,0.355016 -0.421685,0.02834 z m -0.850038,1.765079 0.618361,-1.090049 c 0.410019,0 0.460021,0.03333 0.628362,0.250011 0.075,0.126673 0.01,0.05834 -0.153341,0.08667 l -0.03834,0.375017 0.643363,0.100004 c -0.126673,0.315014 -0.146674,0.273346 -0.336682,0.473355 -0.633362,0.03334 -0.918375,-0.08667 -1.360061,-0.195009 z m -0.713365,-1.520069 1.078382,0.325015 0.06,0.12834 -0.691697,0.836704 -1.005045,-0.330015 z m -4.155186,-1.163385 0.01333,-0.128339 0.601693,0.463354 0.05167,0.123339 c -1.251723,0.96671 0.663363,4.116851 2.841794,2.075093 l 0.936709,0.376684 c -0.360016,0.641695 -0.978377,0.89504 -1.630073,1.258389 -1.558404,0.130006 -3.740168,-2.415108 -2.816793,-4.16852 z m 1.453398,0.44002 0.02333,0.291679 c -0.116668,-0.08834 -0.233339,-0.173341 -0.346678,-0.261678 l -0.07834,-0.168341 0.400018,0.13834 z m 2.14343,1.826749 -0.775035,0.600027 c -1.526735,0.160007 -2.145096,-0.896707 -2.195099,-2.195099 l 0.298347,-0.360016 0.130006,-0.01 c 0.768368,0.605026 1.448398,1.528401 2.491778,1.833415 z m -1.4784,-6.266948 c -0.13834,-0.100004 -0.146674,-0.150007 -0.216677,-0.320014 l 0.290013,-1.103383 0.338349,-0.29668 0.218343,0.320014 z m -0.216677,0.371683 0.668364,-1.581737 0.136672,-0.08 c 0.308348,0.543358 0.755035,0.790035 0.890041,1.528402 l -1.006712,1.051714 a 2.0384246,2.0384246 0 0 1 -0.690031,-0.916708 z m 1.271724,1.316726 0.850038,-0.82837 0.421686,0.861705 c -0.423352,-0.01333 -0.846705,-0.02333 -1.271724,-0.03333 z m 2.120095,-8.692056 c -0.401684,0.858372 -0.936708,1.441732 -1.256723,2.273435 -0.140006,-0.755033 0.703365,-1.840082 0.975044,-2.506779 l 0.130006,-0.075 z m 0,-2.366772 c 0.631695,-0.195009 1.055047,-0.551692 1.506734,-0.95171 l 0.191676,0.573359 -0.536691,0.716699 -1.161719,-0.336682 z m 2.121762,0.045 -0.23001,0.293346 -0.193342,-0.03333 0.0033,-0.04667 0.386684,-0.350016 z m -0.333348,-1.853417 0.06667,-0.0033 0.266679,0.561692 -0.100005,0.298347 c -0.38835,-0.203343 -0.37335,-0.44502 -0.233343,-0.856705 z m -0.08,12.468892 0.391684,0.281679 -0.401684,-0.176674 a 1.7167435,1.7167435 0 0 1 0.01,-0.105005 z m -0.0067,0.431686 0.420019,0.181675 a 1.5000671,1.5000671 0 0 0 -0.0067,0.05 l -0.90004,0.628361 c -0.258345,-0.116672 -0.290013,-0.348349 -0.366684,-0.600027 l 0.0083,-0.05334 z m -1.255056,-0.861705 0.403351,0.16334 -0.216676,0.125006 -0.208343,0.02333 z m -0.02167,-8.600385 c 0.510023,0.143339 0.348349,0.04667 0.370017,0.428352 -0.233313,-0.136673 -0.24998,-0.201676 -0.369986,-0.430019 z m 0,7.68201 0.035,-0.371683 c 0.198342,0.138339 0.266678,0.22001 0.390017,0.430019 A 101.68788,101.68788 0 0 0 17.16918,28.427557 Z M 18.01922,23.05565 c -0.160007,0.205009 -0.15334,0.150007 -0.425019,0.268345 l 0.185009,-0.430019 0.238344,0.161674 z m 0,-1.730077 -0.266678,0.278345 c -0.266648,-0.150006 -0.141642,-0.09 -0.02164,-0.368349 l 0.15834,-0.06167 0.12834,0.151673 z m -0.035,-0.7317 -0.390018,-0.280012 c 0.300014,0.115005 0.230011,0.045 0.390018,0.280012 z m -0.815037,7.89202 0.425019,0.338349 c -0.216646,-0.005 -0.333318,-0.05167 -0.424989,-0.338349 z m 1.273391,-0.01667 -0.173342,0.01667 -0.14834,-0.273345 -0.103337,-0.13334 0.23001,-0.02333 c 0.065,0.13834 0.128339,0.276679 0.195009,0.413352 z m -0.233314,-7.96369 -0.191675,-0.190008 c 0.186675,0.130006 0.06334,0.0033 0.190008,0.191675 z m 0.025,7.083651 -0.216676,-0.45002 0.09167,-0.370017 0.05334,-0.0033 0.280013,0.860038 a 62.019443,62.019443 0 0 0 -0.208343,-0.03667 z m -1.111717,5.005224 0.04667,0.05667 -0.151673,0.568359 A 1.1617187,1.1617187 0 0 1 16.320842,32.3594 l 0.801702,0.236677 z m -1.22672,0.625028 0.425019,0.376683 c -0.271679,-0.120006 -0.288346,-0.115005 -0.425019,-0.376683 z m 0.733366,-3.813504 0.05,0.371683 -0.358349,-0.430019 z m -0.420019,2.011756 -0.313347,-0.778368 c 0.371683,0.141673 0.661696,0.566692 0.850038,0.860038 z m 0.333348,-7.657009 0.105005,-0.0033 -0.310014,0.430019 c -0.05,-0.106672 0.01167,-0.208343 0.183342,-0.333348 l 0.02167,-0.095 z m -0.221676,3.696832 -0.085,0.170007 -0.243344,-0.188341 a 194.67538,194.67538 0 0 1 -0.09667,-0.20501 l 0.333348,-0.03667 z m -2.970133,3.611828 c 0.850038,0.553358 2.295103,1.066715 2.545114,2.150096 a 7.0569825,7.0569825 0 0 1 -2.545114,-2.150096 z m 2.205099,-0.416685 0.340015,0.416685 -0.848371,-0.430019 z m 3.106805,1.276723 -0.645028,-0.650029 1.128383,-1.070047 0.145007,1.178386 z m 0.628362,0.718366 0.111672,-0.280013 0.150006,-0.0083 0.161674,0.43002 z m 0.571692,-1.578404 -0.14834,-0.430019 0.308347,0.05667 z m -0.571692,-14.483982 0.0033,-0.03834 c 0.140007,-0.03334 0.280013,-0.06667 0.420019,-0.103338 l -0.293346,0.43002 z m -4.278525,8.892065 -0.388351,-0.860038 c 0.498356,0.108338 0.416686,0.463354 0.388351,0.860038 z m -1.03838,0.430019 c -0.36335,-0.251678 -0.595027,-0.753367 -0.623361,-1.290057 0.745033,0.175007 0.703364,0.468354 0.850038,1.148384 z m -0.438353,-2.2451 c -0.541691,-0.51169 0.246678,-2.558448 0.59336,-3.030136 0.183341,-0.231677 0.413352,-0.226677 0.716699,-0.316681 l 0.201676,0.05167 c -0.510023,0.903374 -0.853372,2.133429 -0.975044,3.390152 z m -0.791702,6.976979 0.258345,0.435019 -0.231677,0.541691 -0.13334,0.141673 c 0.190009,0.02667 0.233344,-0.136673 0.51669,-0.36835 0.550025,0.891707 1.390063,1.745078 2.316771,2.2301 l -0.505023,0.89004 -1.533402,-0.986711 c -0.175008,-0.325014 0.06667,-0.698364 -0.21501,-0.896707 -0.255011,-0.180008 -0.583359,0.08 -0.843371,0.0017 l -0.720032,-0.660029 c 0.211676,-0.473355 0.415019,-0.936709 0.833371,-1.178387 z m -1.466733,-4.743546 a 11.083829,11.083829 0 0 1 0.248345,-1.27339 l 0.05667,-0.005 0.221677,1.27839 0.116671,0.666697 c 0.333349,0.930041 0.67003,1.858416 1.006712,2.785124 -0.806702,-0.440019 -1.305058,-1.458398 -1.233388,-2.82846 -0.193342,0.441687 -0.03333,1.136718 0.03,1.526735 -0.495022,-0.420018 -0.558358,-1.255056 -0.448353,-2.150096 z m -0.736699,0.441687 a 1.5684035,1.5684035 0 0 1 -0.14334,-0.51669 3.3851515,3.3851515 0 0 1 0.0067,-0.725033 l 0.07333,-0.15334 0.328348,-0.325014 -0.185009,1.20172 -0.08,0.51669 z m 29.537989,4.300192 -0.848371,-0.326681 0.82337,-0.101671 0.025,0.430019 z m -22.451005,7.000314 0.221677,-0.116672 -0.256679,0.428352 0.03333,-0.310013 z m -6.39862,-14.74066 -0.361683,-0.03334 c -0.45002,-0.14834 -0.8717056,-0.673364 -0.9100407,-1.256723 0.6883647,0.06167 0.9217077,0.38835 1.2617237,0.786702 0.0033,0.166674 0.0083,0.335014 0.01,0.503356 z m -0.05,-0.035 c 0.05,-0.928375 -0.658363,-1.508401 -1.5784041,-1.4834 0.1566737,-1.303392 1.2900581,-1.970088 2.3001031,-2.408441 l 0.195009,-0.015 c -0.168341,1.63674 -0.04,3.046803 -0.651696,4.463534 -0.451689,1.04338 -2.0534277,1.023379 -1.9667571,2.633451 l 0.011667,0.133339 c 0.2283436,2.140096 2.5551141,2.575115 2.8767951,4.456866 -3.450154,1.755079 0.755034,9.130409 3.48349,4.798549 0.490022,0.07 0.925042,0.29168 1.533402,0.07834 0.283346,-0.156674 0.338349,-0.283346 0.448353,-0.610028 l 0.975044,0.505023 0.05,0.123339 c -0.893373,0.693364 -1.523401,1.645073 -2.483444,2.295103 l 0.09167,-0.263346 -0.250012,-0.045 -0.138339,0.075 -0.125006,0.583359 c 0.548358,0.560025 2.210099,-1.465065 2.696788,-1.86175 -0.275013,0.96171 -0.955043,1.456732 -1.333393,2.336771 l 0.116672,0.120006 c 0.716698,-0.513356 1.595071,-1.966755 1.72841,-3.071804 l 1.073382,0.178341 c -1.345058,1.818415 -4.800212,5.818594 -6.616961,6.886975 0.27668,-0.868372 0.716699,-1.531735 0.940043,-2.245101 l -0.130006,0.01 a 24.002741,24.002741 0 0 0 -0.116672,-0.120006 c -0.441687,0.870039 -1.170053,1.481733 -1.300058,2.655119 a 1.146718,1.146718 0 0 0 0.290013,0.298347 c 2.160097,-0.360016 5.766925,-5.788592 7.490335,-7.271992 -0.466687,4.683543 -2.9768,5.413575 -5.153564,8.250369 1.978422,-0.986711 3.178476,-3.50349 4.870218,-4.900219 -0.186675,1.955087 -0.651696,6.32695 -1.821748,7.105318 l 0.193342,-0.015 c 1.313392,-0.816703 1.390062,-4.175187 1.828415,-5.89193 l 0.186675,-1.805081 1.875084,-2.633451 0.136673,-0.075 c 0.210009,0.658363 1.160052,1.373395 2.188431,1.18172 l 0.738367,-0.310014 1.853416,0.693364 c 0.243344,2.666787 0.150007,4.161853 -1.538402,6.191944 1.725077,-0.881706 2.358439,-4.278525 1.783413,-6.081939 4.011846,0.465021 3.850172,-0.888373 3.090138,-3.81017 l 0.705032,0.01167 c -0.130006,-0.195009 -0.481689,-0.05 -0.750034,-0.200009 -0.121672,-0.07834 -0.09834,-0.06334 -0.173341,-0.180008 0.953376,-1.075049 3.250146,-0.0067 2.766791,1.778413 0.660029,-1.480067 -0.79837,-2.796792 -2.203432,-2.266769 0.600026,-0.711698 1.326726,-1.296724 1.706743,-2.238433 l 0.136672,-0.07334 3.300148,3.466823 0.195009,-0.015 0.150007,-0.203343 C 35.803381,32.834421 34.755,31.589365 33.708287,30.34431 l 0.336682,-0.153341 a 0.68336392,0.68336392 0 0 1 0.581692,-0.201675 37.588349,37.588349 0 0 1 -0.166674,-0.08334 c 1.685076,0.168341 3.838505,1.573403 5.596917,1.12005 0.161674,-0.281679 0.170008,-0.433353 0.07167,-0.708365 1.873417,0.04667 5.243568,-0.580026 6.31695,-1.490067 -2.883463,0.605027 -6.130275,0.810036 -8.77706,0.456687 l -2.345105,-0.275012 -0.131672,0.01 0.631694,-1.133384 c 1.93342,-0.03667 7.003647,-0.085 8.028693,-1.298392 l -0.226677,-0.303347 -0.883373,-0.126672 c -0.07667,0.113338 -0.08834,0.22001 -0.100004,0.328348 l 0.700031,0.075 c -1.520068,0.38335 -5.753591,1.19172 -7.135319,0.720032 -0.145007,-0.176675 -0.03834,-0.790035 -0.03167,-1.231722 a 1.6134055,1.6134055 0 0 0 -0.01,-0.236677 c 1.986756,-0.59336 3.461822,-1.930087 4.066849,-3.946844 0.345016,-1.155051 0.116672,-2.671786 0.863372,-3.391818 0.476688,0.04167 0.573359,0.243344 0.923375,0.380017 -0.185008,-0.256678 -0.45002,-0.400018 -0.781702,-0.51669 l -0.621693,0.428353 c -0.568359,0.220009 -1.163386,-0.355016 -2.128429,0.09334 -0.783368,-0.67003 -1.225055,-1.728411 -2.283435,-2.133429 l -0.108339,-0.183342 1.283391,-1.248389 c -0.420019,0.351683 -0.848371,0.766701 -1.276724,1.183386 l -0.860038,-0.385017 -0.05,-0.125005 c 0.980043,-0.693365 1.850082,-0.950043 2.965132,-0.730033 0.05167,0.103338 0.106672,0.205009 0.160007,0.308347 -0.05167,0.08834 -0.09834,0.113339 -0.143339,0.13834 l -0.375017,-0.100005 c 0.161674,0.095 0.330015,0.125006 0.498356,0.155007 l 0.141673,-0.138339 0.02167,-0.193342 c -0.243349,-0.216677 -0.318352,-0.37335 -0.796707,-0.390018 l 0.228343,-0.336682 c -0.546691,0.376684 -1.65674,0.476688 -2.200098,0.80337 l 1.256723,-0.990045 0.150007,-0.201675 -2.325105,1.386728 c -0.496688,-0.03334 -1.025045,-0.266678 -1.293391,-0.545024 a 65.76961,65.76961 0 0 0 -0.128339,0.01 l 2.760124,-1.86675 -0.045,-0.188341 c -1.046716,0.610027 -2.095096,1.220054 -3.140143,1.831748 l -1.003378,-0.246678 0.09334,-0.901706 7.195322,-5.650253 0.12834,-0.01 -0.101672,-0.248344 c -0.266678,-0.126673 -1.361727,0.761701 -1.775079,1.026712 -1.593405,1.021713 -3.001801,2.293436 -4.568538,3.216811 0.646696,-0.821703 1.830082,-1.640073 2.026757,-2.836794 l -0.31668,-0.04 -0.493356,0.420018 0.536691,-0.233343 c -0.346682,1.055047 -1.916753,2.938464 -2.803459,3.535158 l -0.103338,-0.248345 c 0.576693,-0.970043 1.145051,-2.275101 0.878373,-3.520157 l -0.483355,-0.283346 -0.518357,0.03834 c 0.331682,0.131672 0.556692,0.163341 0.800036,0.325014 0.155007,1.206721 -0.438353,2.023424 -0.758367,3.000135 l -0.136673,0.07334 C 31.309849,11.941831 31.323183,11.751822 30.88483,11.680152 l -0.03834,-0.253344 0.300013,-0.406685 0.206676,-0.14334 c 0.07,0.133339 0.07334,0.085 0.095,0.313347 a 0.64669561,0.64669561 0 0 0 0.09834,-0.326681 l -0.245004,-0.110005 -0.648362,0.686698 c -0.541691,-0.361683 -1.138384,-0.7417 -1.900085,-0.883373 0.431686,-0.89504 1.743411,-2.333438 1.066714,-3.468489 -0.826703,-1.380062 -3.648496,0.210009 -4.681876,1.305058 a 2.0517585,2.0517585 0 0 0 -0.310014,0.406685 c 0.06667,-0.05334 0.173341,-0.136672 0.310014,-0.24001 1.020046,-0.760034 3.735167,-2.580116 4.323527,-1.125051 0.616694,0.811703 -0.565025,2.37344 -0.886706,3.008468 -1.10005,-0.111671 -2.250101,-0.216676 -3.433487,-0.193342 a 12.370554,12.370554 0 0 0 -3.668498,0.590027 c -0.600027,0.198342 -3.160141,1.731744 -3.258479,1.711743 l -1.166719,-1.130051 -2.440109,-1.225054 -0.01333,0.128339 -0.14334,0.138339 3.126807,2.646785 -0.476688,0.29168 C 15.81416,12.426852 14.927453,11.835159 13.012367,11.336804 l -0.323348,0.025 c 1.118384,0.770034 2.245101,1.475066 3.370152,2.181764 l 0.22501,0.303347 c -0.80337,0.338348 -1.143385,1.041713 -1.821749,1.478399 -1.060054,-0.506699 -2.041765,-0.96672 -3.326823,-1.355071 l -0.09,0.263346 2.406775,1.550069 0.130006,-0.01 -0.415019,0.286679 c -0.191675,0.64503 -0.566692,1.393397 -0.880039,2.303437 -1.200054,0.976711 -2.7551237,0.918375 -2.9968012,2.908464 -0.3833505,0.105005 -0.6533625,0.138339 -1.0033782,0.395017 L 8.2604846,21.9256 c 0.2200099,0.306681 2.1684304,1.131718 2.6334514,1.211721 l 0.286679,-0.276679 z m 14.233971,-13.760615 0.178341,0.03333 -0.238344,-0.03 c -0.04167,0 -0.08334,0.0033 -0.123339,0.005 0.188342,-0.350015 0.7417,-0.436686 1.27339,-0.398351 l -0.03667,0.253345 -1.040047,0.05167 -0.01333,0.08334 z m 0.743366,0.461687 0.500023,-0.163341 c 0.216676,-0.360016 0.340015,-0.7417 0.23001,-1.090049 -0.515023,-0.101671 -0.811703,0.02333 -1.293391,0.226677 A 82.787039,82.787039 0 0 0 25.331247,8.96502 l -0.100004,0.166674 a 0.95004252,0.95004252 0 0 0 0.100004,0.100004 c 0.163341,0.13334 0.360016,0.180008 0.721699,0.150007 0.100005,0.170008 -0.01667,0.095 -0.195009,0.141673 l 0.300014,0.04 z m 12.338886,3.87184 -0.536691,0.100004 0.330015,-0.02333 0.37835,0.163341 -0.573359,1.050046 c 0.295013,-0.348349 0.58836,-0.595027 0.713365,-1.123383 z m -3.083474,16.77575 c -0.133339,-0.238344 -0.278345,-0.395017 -0.423352,-0.431686 0.128339,0.121672 0.276679,0.265012 0.423352,0.431686 z m -1.696742,5.160232 -0.423352,0.246677 0.325014,-0.03 0.100005,-0.216676 z m 1.696742,-5.160232 c 0.431686,0.486689 0.755034,1.420064 0.661697,2.150096 0.490022,-1.05838 -0.06834,-1.71841 -0.661697,-2.150096 z"
     id="path4"
     style="fill:#ffffff;stroke-width:1.66674125"
     inkscape:connector-curvature="0" />
</svg>
