<?xml version="1.0" encoding="UTF-8" standalone="no"?>
<!-- Created with Inkscape (http://www.inkscape.org/) -->

<svg
   xmlns:dc="http://purl.org/dc/elements/1.1/"
   xmlns:cc="http://creativecommons.org/ns#"
   xmlns:rdf="http://www.w3.org/1999/02/22-rdf-syntax-ns#"
   xmlns:svg="http://www.w3.org/2000/svg"
   xmlns="http://www.w3.org/2000/svg"
   xmlns:sodipodi="http://sodipodi.sourceforge.net/DTD/sodipodi-0.dtd"
   xmlns:inkscape="http://www.inkscape.org/namespaces/inkscape"
   version="1.1"
   id="svg2"
   width="25"
   height="25"
   viewBox="0 0 25 25"
   sodipodi:docname="paypal.svg"
   inkscape:version="0.92.5 (2060ec1f9f, 2020-04-08)">
  <metadata
     id="metadata8">
    <rdf:RDF>
      <cc:Work
         rdf:about="">
        <dc:format>image/svg+xml</dc:format>
        <dc:type
           rdf:resource="http://purl.org/dc/dcmitype/StillImage" />
        <dc:title></dc:title>
      </cc:Work>
    </rdf:RDF>
  </metadata>
  <defs
     id="defs6" />
  <sodipodi:namedview
     pagecolor="#ffffff"
     bordercolor="#666666"
     borderopacity="1"
     objecttolerance="10"
     gridtolerance="10"
     guidetolerance="10"
     inkscape:pageopacity="0"
     inkscape:pageshadow="2"
     inkscape:window-width="1920"
     inkscape:window-height="989"
     id="namedview4"
     showgrid="false"
     inkscape:zoom="28.96"
     inkscape:cx="12.5"
     inkscape:cy="12.5"
     inkscape:window-x="0"
     inkscape:window-y="60"
     inkscape:window-maximized="1"
     inkscape:current-layer="svg2" />
  <g
     id="g12"
     transform="matrix(0.04602818,0,0,0.04579115,-0.06206233,-1.7887381e-6)">
    <path
       style="fill:#0284cb;stroke-width:1.0666666"
       d="m 171.19999,544.13156 c -7.70097,-3.60246 -13.30735,-11.81551 -13.35475,-19.564 -0.0117,-1.92551 1.78196,-14.14719 3.98609,-27.15928 2.20413,-13.01209 3.66789,-23.99797 3.2528,-24.41306 -0.41509,-0.41509 -2.165,0.75501 -3.88871,2.60024 -1.72369,1.84521 -5.21781,4.30055 -7.76471,5.4563 -4.35409,1.97583 -7.1511,2.10276 -46.82128,2.12479 l -42.190566,0.0234 -5.572592,-2.77694 c -3.064927,-1.52732 -6.749755,-4.32028 -8.188509,-6.20658 -3.12325,-4.09479 -5.857766,-11.42743 -5.857766,-15.70768 0,-1.6993 16.565744,-101.50934 36.812765,-221.80006 C 108.2636,78.371925 119.00074,16.870782 120.5093,13.913756 123.17728,8.6840851 130.02258,2.8237728 135.31566,1.2379282 138.33018,0.33475858 167.90121,0 244.66855,0 359.09182,0 360.50221,0.06352466 378.33143,6.0202665 415.58836,18.467794 444.81566,49.6769 455.12885,88.025044 c 2.58339,9.605992 2.88922,12.711396 3.14264,31.909756 l 0.28073,21.26814 8.07088,7.36397 c 30.20681,27.56109 40.60723,65.15672 30.90047,111.69974 -12.34542,59.19526 -60.39691,108.83613 -119.65903,123.61694 -13.90707,3.46862 -22.55714,4.49257 -44.64307,5.2846 -19.82521,0.71095 -21.61978,0.94568 -27.27498,3.56751 -3.32942,1.54356 -8.23889,4.82091 -10.90993,7.283 -8.77465,8.08818 -9.30892,10.04105 -19.91802,72.80419 -10.52988,62.2946 -10.8844,63.59306 -18.95518,69.42605 l -4.63663,3.35103 -38.03004,0.26375 c -35.24919,0.24448 -38.34202,0.11781 -42.2967,-1.73216 z"
       id="path18"
       inkscape:connector-curvature="0" />
    <path
       style="fill:#002987;stroke-width:1.0666666"
       d="M 62.121467,480.70944 C 52.256352,477.13166 46.403216,468.42492 46.586039,457.59997 46.650442,453.78664 63.089683,353.46665 83.117683,234.66665 112.21669,62.060217 120.01622,17.702365 121.94137,13.866666 c 1.70267,-3.392407 4.27364,-6.0511939 8.76721,-9.0666663 l 6.35808,-4.2666664 h 108.26666 c 79.63991,0 109.39481,0.33058657 112.53332,1.2502818 2.34667,0.687655 8.34667,2.2601261 13.33334,3.4943802 10.47796,2.5934101 29.88371,11.7600157 38.39999,18.1388397 22.25225,16.667248 37.18662,38.795306 44.5708,66.03996 2.50266,9.233852 2.81223,12.441065 3.05102,31.609865 0.28554,22.92197 -0.4937,30.86009 -4.50245,45.86666 -15.59729,58.38767 -60.72457,106.97676 -117.8832,126.92627 -25.1355,8.77279 -35.70474,10.14529 -83.63616,10.8608 -43.84133,0.65446 -45.66876,0.93781 -52.56637,8.15049 -6.6436,6.94707 -7.03919,8.6161 -18.88178,79.66243 -6.2097,37.25333 -12.07253,69.87453 -13.02854,72.49157 -2.26788,6.20822 -10.2314,14.11715 -15.91372,15.80462 -6.05779,1.79896 -83.686495,1.69388 -88.688103,-0.12006 z"
       id="path16"
       inkscape:connector-curvature="0" />
    <path
       style="fill:#001769;stroke-width:1.0666666"
       d="m 193.06665,313.18824 c 0,-0.81312 6.26006,-38.61312 13.91123,-84 10.57432,-62.7271 14.50687,-83.82302 16.39446,-87.94716 3.21775,-7.03035 9.08612,-12.8199 16.5354,-16.31328 l 5.95891,-2.79447 76.8,-0.32699 c 49.45946,-0.21059 80.29921,0.0762 86.62935,0.8056 14.94307,1.72183 33.28057,8.16657 43.23731,15.19578 3.72893,2.63255 3.74649,4.97644 0.15718,20.98005 -14.85463,66.23199 -65.78828,119.69806 -130.72341,137.22294 -20.06466,5.41511 -26.68152,6.04951 -70.7671,6.78487 -40.12645,0.66932 -41.75621,0.77704 -46.01007,3.04129 -2.42555,1.29106 -5.86863,3.80592 -7.65129,5.58858 -3.60065,3.60064 -4.47197,3.94411 -4.47197,1.76279 z"
       id="path14"
       inkscape:connector-curvature="0" />
  </g>
</svg>
