<?xml version="1.0" encoding="UTF-8" standalone="no"?>
<!-- Created with Inkscape (http://www.inkscape.org/) -->

<svg
   xmlns:dc="http://purl.org/dc/elements/1.1/"
   xmlns:cc="http://creativecommons.org/ns#"
   xmlns:rdf="http://www.w3.org/1999/02/22-rdf-syntax-ns#"
   xmlns:svg="http://www.w3.org/2000/svg"
   xmlns="http://www.w3.org/2000/svg"
   xmlns:sodipodi="http://sodipodi.sourceforge.net/DTD/sodipodi-0.dtd"
   xmlns:inkscape="http://www.inkscape.org/namespaces/inkscape"
   version="1.1"
   id="svg2"
   width="468.11429"
   height="468.11429"
   viewBox="0 0 468.11429 468.11429"
   sodipodi:docname="sim.svg"
   inkscape:version="0.92.5 (2060ec1f9f, 2020-04-08)">
  <metadata
     id="metadata8">
    <rdf:RDF>
      <cc:Work
         rdf:about="">
        <dc:format>image/svg+xml</dc:format>
        <dc:type
           rdf:resource="http://purl.org/dc/dcmitype/StillImage" />
        <dc:title></dc:title>
      </cc:Work>
    </rdf:RDF>
  </metadata>
  <defs
     id="defs6" />
  <sodipodi:namedview
     pagecolor="#ffffff"
     bordercolor="#666666"
     borderopacity="1"
     objecttolerance="10"
     gridtolerance="10"
     guidetolerance="10"
     inkscape:pageopacity="0"
     inkscape:pageshadow="2"
     inkscape:window-width="1920"
     inkscape:window-height="990"
     id="namedview4"
     showgrid="false"
     inkscape:zoom="1.6363525"
     inkscape:cx="234.05714"
     inkscape:cy="234.05714"
     inkscape:window-x="0"
     inkscape:window-y="60"
     inkscape:window-maximized="1"
     inkscape:current-layer="svg2" />
  <g
     id="g12">
    <path
       style="fill:#e0e5e8;stroke-width:0.91428572"
       d="m 67.200001,467.23704 c -1.005715,-0.41873 -3.062858,-2.06536 -4.571429,-3.65917 L 59.885715,460.68002 59.650713,269.8932 59.415712,79.106371 98.961061,39.553185 138.50641,0 h 130.30391 c 124.45193,0 130.44383,0.07502924 133.41902,1.6706426 1.7133,0.9188534 3.86688,3.0724344 4.78573,4.7857356 1.60501,2.9927053 1.67065,11.9348188 1.67065,227.6007618 0,215.66595 -0.0657,224.60806 -1.67065,227.60078 -0.91885,1.71329 -3.07243,3.86688 -4.78573,4.78572 -2.98514,1.60095 -10.00007,1.66824 -168.15793,1.61269 -90.77356,-0.0319 -165.865695,-0.40055 -166.871409,-0.81929 z"
       id="path26"
       inkscape:connector-curvature="0" />
    <path
       style="fill:#ecd8a2;stroke-width:0.91428572"
       d="m 134.99288,410.4982 c -6.38241,-1.93327 -11.95588,-7.87129 -13.45677,-14.33699 -0.44372,-1.91152 -0.81658,-43.20653 -0.82858,-91.76669 -0.0247,-99.74655 -0.3612,-94.69195 6.74076,-101.2383 2.20958,-2.03672 5.60334,-4.14349 7.5417,-4.68171 4.91884,-1.36582 193.21547,-1.36582 198.13431,0 1.93836,0.53822 5.33776,2.65018 7.55421,4.69324 7.16108,6.60086 6.82635,1.29805 6.54314,103.65498 -0.2756,99.60813 0.14523,92.53247 -5.8606,98.53832 -6.02564,6.02563 1.89681,5.59421 -105.93248,5.76862 -53.80571,0.087 -99.00177,-0.19713 -100.43569,-0.63147 z m 41.62544,-270.63064 c -6.89941,-1.43776 -17.5326,-7.30019 -17.5326,-9.66631 0,-1.14471 5.14341,-6.77262 6.18959,-6.77265 0.63857,-2e-5 2.69571,0.95971 4.57143,2.13272 6.67269,4.17287 14.77196,5.50831 19.72371,3.25215 4.93773,-2.24978 4.91178,-8.63178 -0.0454,-11.18284 -1.40446,-0.72274 -5.92585,-2.22159 -10.04753,-3.33076 -4.12169,-1.10917 -9.17306,-3.1054 -11.22527,-4.43608 -6.77983,-4.39612 -9.11187,-13.069211 -5.5958,-20.811383 4.71461,-10.381272 21.79415,-13.527431 35.35305,-6.512256 4.62071,2.390684 5.13709,3.545275 3.09063,6.910413 -2.31533,3.807256 -3.85602,4.334113 -7.5493,2.581537 C 183.01038,87.030352 172.8,88.742674 172.8,95.512092 c 0,4.077961 1.82848,5.317708 12.88663,8.737428 14.35364,4.43884 19.11337,8.94399 19.11337,18.09108 0,6.8078 -2.94023,11.79601 -8.84584,15.0073 -5.02807,2.73411 -13.19791,3.79873 -19.33584,2.51966 z m 40.25025,-1.07899 c -0.8041,-0.8041 -1.09714,-8.35417 -1.09714,-28.26808 0,-14.944014 0.24973,-27.821727 0.55496,-28.617141 0.40903,-1.065905 1.82354,-1.446205 5.37908,-1.446205 4.22992,0 4.89203,0.253383 5.37541,2.057142 0.97904,3.653259 0.64581,53.704554 -0.37019,55.602964 -0.7086,1.32404 -1.92636,1.76847 -4.84571,1.76847 -2.14459,0 -4.39298,-0.49372 -4.99641,-1.09715 z m 25.85054,-0.006 c -0.25325,-0.65995 -0.35151,-13.95018 -0.21835,-29.53385 l 0.2421,-28.334034 8.01815,-0.264431 8.01814,-0.264433 8.15085,16.950149 c 4.48299,9.322579 8.51678,16.950149 8.96399,16.950149 0.44722,0 4.48546,-7.50858 8.97385,-16.685719 l 8.16073,-16.685715 7.69312,-0.267975 c 5.53749,-0.192888 7.90327,0.0633 8.44314,0.914286 1.12563,1.774317 0.96881,54.431703 -0.16842,56.556653 -0.71588,1.33762 -1.92783,1.76847 -4.97462,1.76847 -2.2185,0 -4.36046,-0.51343 -4.76783,-1.14286 -0.40682,-0.62857 -0.94539,-9.98857 -1.19681,-20.8 L 297.6,98.285715 l -9.14285,17.828575 -9.14286,17.82857 -3.40476,0.28234 -3.40474,0.28234 -8.92722,-17.88234 c -4.90997,-9.83528 -9.23282,-17.882342 -9.60633,-17.882342 -0.37351,0 -0.78984,9.154282 -0.92518,20.342862 l -0.24606,20.34285 -4.81022,0.27671 c -3.33526,0.19185 -4.95141,-0.0912 -5.27067,-0.92321 z"
       id="path24"
       inkscape:connector-curvature="0" />
    <path
       style="fill:#fad261;stroke-width:0.91428572"
       d="m 133.02857,407.87197 c -4.42604,-2.04275 -7.21152,-4.93717 -9.09922,-9.45508 -1.24546,-2.98081 -1.41266,-14.26634 -1.39499,-94.15895 0.0191,-86.29607 0.10332,-90.95257 1.70796,-94.42937 2.04276,-4.42604 4.93717,-7.21152 9.45508,-9.09922 2.98581,-1.24755 14.88981,-1.41269 100.55895,-1.39498 92.51832,0.0191 97.34737,0.10091 100.82937,1.70795 4.42604,2.04276 7.21152,4.93717 9.09922,9.45508 1.24491,2.9795 1.41506,14.27737 1.41506,93.95975 0,79.68237 -0.17015,90.98024 -1.41506,93.95974 -1.8877,4.51791 -4.67318,7.41233 -9.09922,9.45508 -3.48304,1.60752 -8.29275,1.68788 -101.02858,1.68788 -92.73582,0 -97.54553,-0.0804 -101.02857,-1.68788 z m 43.58975,-268.00441 c -6.89941,-1.43776 -17.5326,-7.30019 -17.5326,-9.66631 0,-1.14471 5.14341,-6.77262 6.18959,-6.77265 0.63857,-2e-5 2.69571,0.95971 4.57143,2.13272 6.67269,4.17287 14.77196,5.50831 19.72371,3.25215 4.93773,-2.24978 4.91178,-8.63178 -0.0454,-11.18284 -1.40446,-0.72274 -5.92585,-2.22159 -10.04753,-3.33076 -4.12169,-1.10917 -9.17306,-3.1054 -11.22527,-4.43608 -6.77983,-4.39612 -9.11187,-13.069211 -5.5958,-20.811383 4.71461,-10.381272 21.79415,-13.527431 35.35305,-6.512256 4.62071,2.390684 5.13709,3.545275 3.09063,6.910413 -2.31533,3.807256 -3.85602,4.334113 -7.5493,2.581537 C 183.01038,87.030352 172.8,88.742674 172.8,95.512092 c 0,4.077961 1.82848,5.317708 12.88663,8.737428 14.35364,4.43884 19.11337,8.94399 19.11337,18.09108 0,6.8078 -2.94023,11.79601 -8.84584,15.0073 -5.02807,2.73411 -13.19791,3.79873 -19.33584,2.51966 z m 40.25025,-1.07899 c -0.8041,-0.8041 -1.09714,-8.35417 -1.09714,-28.26808 0,-14.944014 0.24973,-27.821727 0.55496,-28.617141 0.40903,-1.065905 1.82354,-1.446205 5.37908,-1.446205 4.22992,0 4.89203,0.253383 5.37541,2.057142 0.97904,3.653259 0.64581,53.704554 -0.37019,55.602964 -0.7086,1.32404 -1.92636,1.76847 -4.84571,1.76847 -2.14459,0 -4.39298,-0.49372 -4.99641,-1.09715 z m 25.85054,-0.006 c -0.25325,-0.65995 -0.35151,-13.95018 -0.21835,-29.53385 l 0.2421,-28.334034 8.01815,-0.264431 8.01814,-0.264433 8.15085,16.950149 c 4.48299,9.322579 8.51678,16.950149 8.96399,16.950149 0.44722,0 4.48546,-7.50858 8.97385,-16.685719 l 8.16073,-16.685715 7.69312,-0.267975 c 5.53749,-0.192888 7.90327,0.0633 8.44314,0.914286 1.12563,1.774317 0.96881,54.431703 -0.16842,56.556653 -0.71588,1.33762 -1.92783,1.76847 -4.97462,1.76847 -2.2185,0 -4.36046,-0.51343 -4.76783,-1.14286 -0.40682,-0.62857 -0.94539,-9.98857 -1.19681,-20.8 L 297.6,98.285715 l -9.14285,17.828575 -9.14286,17.82857 -3.40476,0.28234 -3.40474,0.28234 -8.92722,-17.88234 c -4.90997,-9.83528 -9.23282,-17.882342 -9.60633,-17.882342 -0.37351,0 -0.78984,9.154282 -0.92518,20.342862 l -0.24606,20.34285 -4.81022,0.27671 c -3.33526,0.19185 -4.95141,-0.0912 -5.27067,-0.92321 z"
       id="path22"
       inkscape:connector-curvature="0" />
    <path
       style="fill:#f5c357;stroke-width:0.91428572"
       d="m 229.93748,408.51012 c -0.24519,-0.6577 -0.54999,-13.12726 -0.67735,-27.71012 l -0.23156,-26.51428 -12.29932,-0.2564 -12.29932,-0.2564 -9.43028,9.39926 -9.43028,9.39925 -31.0704,0.26318 -31.0704,0.26317 v -31.12031 -31.12032 h 42.41647 c 37.83485,0 42.47642,0.15621 42.97143,1.4462 0.30523,0.79541 0.55496,8.20113 0.55496,16.45715 v 15.01093 h 24.68571 24.68572 V 328.7605 c 0,-8.25602 0.24973,-15.66174 0.55496,-16.45715 0.49501,-1.28999 5.13658,-1.4462 42.97143,-1.4462 h 42.41647 v 31.12032 31.12031 l -31.0704,-0.26317 -31.0704,-0.26318 -9.43028,-9.39925 -9.43028,-9.39926 -12.29932,0.2564 -12.29932,0.2564 -0.45715,27.42857 -0.45714,27.42857 -3.89408,0.28155 c -2.58432,0.18685 -4.04402,-0.12066 -4.33987,-0.91429 z M 123.64498,267.2 l 0.24074,-30.85714 h 30.84151 30.84151 l 9.43059,9.39925 9.4306,9.39926 12.29932,-0.2564 12.29932,-0.2564 0.24216,-27.18599 0.24215,-27.18598 2.27214,-0.57027 c 1.24967,-0.31366 3.3007,-0.31212 4.55784,0.004 l 2.28571,0.57367 v 31.88477 c 0,28.23131 -0.16571,31.94835 -1.4462,32.43972 -0.79541,0.30524 -7.37827,0.55497 -14.62858,0.55497 l -13.18236,-2.6e-4 v 15.01093 c 0,8.25602 -0.24973,15.66174 -0.55496,16.45715 -0.49502,1.29 -5.13765,1.44621 -42.98359,1.44621 h -42.42863 z m 135.65284,29.41094 c -0.30523,-0.79541 -0.55496,-9.30155 -0.55496,-18.90253 v -17.45633 l 11.85774,-11.95461 11.85773,-11.95461 h 30.88512 30.88512 l 0.24074,30.85714 0.24073,30.85715 h -42.42863 c -37.84594,0 -42.48857,-0.15621 -42.98359,-1.44621 z m -82.6795,-156.74338 c -6.89941,-1.43776 -17.5326,-7.30019 -17.5326,-9.66631 0,-1.14471 5.14341,-6.77262 6.18959,-6.77265 0.63857,-2e-5 2.69571,0.95971 4.57143,2.13272 6.67269,4.17287 14.77196,5.50831 19.72371,3.25215 4.93773,-2.24978 4.91178,-8.63178 -0.0454,-11.18284 -1.40446,-0.72274 -5.92585,-2.22159 -10.04753,-3.33076 -4.12169,-1.10917 -9.17306,-3.1054 -11.22527,-4.43608 -6.77983,-4.39612 -9.11187,-13.069211 -5.5958,-20.811383 4.71461,-10.381272 21.79415,-13.527431 35.35305,-6.512256 4.62071,2.390684 5.13709,3.545275 3.09063,6.910413 -2.31533,3.807256 -3.85602,4.334113 -7.5493,2.581537 C 183.01038,87.030352 172.8,88.742674 172.8,95.512092 c 0,4.077961 1.82848,5.317708 12.88663,8.737428 14.35364,4.43884 19.11337,8.94399 19.11337,18.09108 0,6.8078 -2.94023,11.79601 -8.84584,15.0073 -5.02807,2.73411 -13.19791,3.79873 -19.33584,2.51966 z m 40.25025,-1.07899 c -0.8041,-0.8041 -1.09714,-8.35417 -1.09714,-28.26808 0,-14.944014 0.24973,-27.821727 0.55496,-28.617141 0.40903,-1.065905 1.82354,-1.446205 5.37908,-1.446205 4.22992,0 4.89203,0.253383 5.37541,2.057142 0.97904,3.653259 0.64581,53.704554 -0.37019,55.602964 -0.7086,1.32404 -1.92636,1.76847 -4.84571,1.76847 -2.14459,0 -4.39298,-0.49372 -4.99641,-1.09715 z m 25.85054,-0.006 c -0.25325,-0.65995 -0.35151,-13.95018 -0.21835,-29.53385 l 0.2421,-28.334034 8.01815,-0.264431 8.01814,-0.264433 8.15085,16.950149 c 4.48299,9.322579 8.51678,16.950149 8.96399,16.950149 0.44722,0 4.48546,-7.50858 8.97385,-16.685719 l 8.16073,-16.685715 7.69312,-0.267975 c 5.53749,-0.192888 7.90327,0.0633 8.44314,0.914286 1.12563,1.774317 0.96881,54.431703 -0.16842,56.556653 -0.71588,1.33762 -1.92783,1.76847 -4.97462,1.76847 -2.2185,0 -4.36046,-0.51343 -4.76783,-1.14286 -0.40682,-0.62857 -0.94539,-9.98857 -1.19681,-20.8 L 297.6,98.285715 l -9.14285,17.828575 -9.14286,17.82857 -3.40476,0.28234 -3.40474,0.28234 -8.92722,-17.88234 c -4.90997,-9.83528 -9.23282,-17.882342 -9.60633,-17.882342 -0.37351,0 -0.78984,9.154282 -0.92518,20.342862 l -0.24606,20.34285 -4.81022,0.27671 c -3.33526,0.19185 -4.95141,-0.0912 -5.27067,-0.92321 z"
       id="path20"
       inkscape:connector-curvature="0" />
    <path
       style="fill:#93a2ad;stroke-width:0.91428572"
       d="m 176.61832,139.86756 c -6.89941,-1.43776 -17.5326,-7.30019 -17.5326,-9.66631 0,-1.14471 5.14341,-6.77262 6.18959,-6.77265 0.63857,-2e-5 2.69571,0.95971 4.57143,2.13272 6.67269,4.17287 14.77196,5.50831 19.72371,3.25215 4.93773,-2.24978 4.91178,-8.63178 -0.0454,-11.18284 -1.40446,-0.72274 -5.92585,-2.22159 -10.04753,-3.33076 -4.12169,-1.10917 -9.17306,-3.1054 -11.22527,-4.43608 -6.77983,-4.39612 -9.11187,-13.069211 -5.5958,-20.811383 4.71461,-10.381272 21.79415,-13.527431 35.35305,-6.512256 4.62071,2.390684 5.13709,3.545275 3.09063,6.910413 -2.31533,3.807256 -3.85602,4.334113 -7.5493,2.581537 C 183.01038,87.030352 172.8,88.742674 172.8,95.512092 c 0,4.077961 1.82848,5.317708 12.88663,8.737428 14.35364,4.43884 19.11337,8.94399 19.11337,18.09108 0,6.8078 -2.94023,11.79601 -8.84584,15.0073 -5.02807,2.73411 -13.19791,3.79873 -19.33584,2.51966 z m 40.25025,-1.07899 c -0.8041,-0.8041 -1.09714,-8.35417 -1.09714,-28.26808 0,-14.944014 0.24973,-27.821727 0.55496,-28.617141 0.40903,-1.065905 1.82354,-1.446205 5.37908,-1.446205 4.22992,0 4.89203,0.253383 5.37541,2.057142 0.97904,3.653259 0.64581,53.704554 -0.37019,55.602964 -0.7086,1.32404 -1.92636,1.76847 -4.84571,1.76847 -2.14459,0 -4.39298,-0.49372 -4.99641,-1.09715 z m 25.85054,-0.006 c -0.25325,-0.65995 -0.35151,-13.95018 -0.21835,-29.53385 l 0.2421,-28.334034 8.01815,-0.264431 8.01814,-0.264433 8.15085,16.950149 c 4.48299,9.322579 8.51678,16.950149 8.96399,16.950149 0.44722,0 4.48546,-7.50858 8.97385,-16.685719 l 8.16073,-16.685715 7.69312,-0.267975 c 5.53749,-0.192888 7.90327,0.0633 8.44314,0.914286 1.12563,1.774317 0.96881,54.431703 -0.16842,56.556653 -0.71588,1.33762 -1.92783,1.76847 -4.97462,1.76847 -2.2185,0 -4.36046,-0.51343 -4.76783,-1.14286 -0.40682,-0.62857 -0.94539,-9.98857 -1.19681,-20.8 L 297.6,98.285715 l -9.14285,17.828575 -9.14286,17.82857 -3.40476,0.28234 -3.40474,0.28234 -8.92722,-17.88234 c -4.90997,-9.83528 -9.23282,-17.882342 -9.60633,-17.882342 -0.37351,0 -0.78984,9.154282 -0.92518,20.342862 l -0.24606,20.34285 -4.81022,0.27671 c -3.33526,0.19185 -4.95141,-0.0912 -5.27067,-0.92321 z"
       id="path18"
       inkscape:connector-curvature="0" />
    <path
       style="fill:#738695;stroke-width:0.91428572"
       d="m 173.06564,137.64624 c -4.51624,-1.41151 -12.14737,-6.04046 -12.14972,-7.36987 -9e-4,-0.50799 1.03213,-2.03849 2.29562,-3.40111 l 2.29726,-2.47749 4.15937,2.6378 c 5.17273,3.28044 12.00354,4.98258 16.76631,4.17792 6.69878,-1.13176 10.29467,-7.28507 7.00334,-11.98412 -1.52971,-2.18397 -5.39393,-3.90603 -16.06639,-7.15989 -11.62075,-3.54299 -14.62857,-6.76712 -14.62857,-15.68056 0,-6.891394 2.2474,-10.682808 8.22857,-13.881778 3.66011,-1.957576 5.02536,-2.163267 12.36762,-1.863328 6.48129,0.264768 9.2207,0.820752 12.75894,2.589529 2.47809,1.238805 4.63805,2.697073 4.7999,3.240597 0.16184,0.543524 -0.54834,2.059419 -1.57818,3.368655 l -1.87245,2.380428 -4.32363,-1.964081 c -3.12962,-1.421681 -6.17546,-1.973236 -11.02927,-1.997227 -6.23265,-0.0308 -6.86144,0.147804 -8.91429,2.532127 -4.7855,5.558214 -1.72101,10.638568 8.13707,13.489748 15.44123,4.46596 19.95635,7.3536 21.71598,13.88836 3.13689,11.64955 -5.61005,20.87166 -19.66977,20.73831 -3.54698,-0.0336 -8.18096,-0.60245 -10.29771,-1.26402 z M 217.6,109.66172 V 81.26629 l 3.88572,0.281141 3.88571,0.281141 0.24178,28.114288 0.24179,28.11428 H 221.7275 217.6 Z m 26.25255,27.82892 c -0.79079,-0.79078 -0.8833,-52.625452 -0.0976,-54.673005 0.43659,-1.137712 1.99217,-1.446206 7.29253,-1.446206 h 6.73756 l 7.77846,16.228572 c 9.23727,19.272169 9.07046,18.971429 10.52332,18.971429 0.62958,0 4.78024,-7.56921 9.22368,-16.820471 4.44346,-9.251257 8.45,-17.19147 8.90345,-17.644917 0.45344,-0.453447 3.66367,-0.701378 7.13382,-0.550959 l 6.30937,0.273489 0.24178,28.114288 0.24178,28.11428 h -4.11065 -4.11064 L 299.674,116.87567 c -0.15185,-13.10486 -0.59405,-21.289411 -1.15971,-21.464524 -0.50286,-0.155675 -5.25635,8.243174 -10.56331,18.664114 -9.72248,19.09138 -11.16434,20.95115 -14.25471,18.38636 -0.77874,-0.64629 -5.49236,-9.32026 -10.47472,-19.27549 -4.98236,-9.95523 -9.46072,-18.100415 -9.95192,-18.100415 -0.54859,0 -0.98774,8.199265 -1.13849,21.257145 l -0.24542,21.25714 -3.69032,0.27159 c -2.02967,0.14938 -3.98395,-0.022 -4.34285,-0.38095 z"
       id="path16"
       inkscape:connector-curvature="0" />
    <path
       style="fill:#637889;stroke-width:0.91428572"
       d="m 172.13062,136.26948 c -4.90807,-1.76648 -10.30205,-5.09723 -10.30205,-6.36147 0,-0.39067 0.8213,-1.45357 1.8251,-2.36201 1.77046,-1.60224 2.00462,-1.56055 7.82245,1.39241 10.4651,5.31181 21.15579,3.97221 23.62665,-2.96055 1.03766,-2.91145 0.12567,-6.5971 -2.15911,-8.72569 -1.94019,-1.80756 -4.13197,-2.6535 -15.03407,-5.80255 -5.40477,-1.56115 -8.12048,-2.93329 -10.74286,-5.4279 -3.33952,-3.17681 -3.50959,-3.61552 -3.50959,-9.053372 0,-6.645577 1.43658,-9.637885 6.19116,-12.895855 5.93556,-4.067204 22.85847,-3.278983 28.85113,1.343801 1.56394,1.206443 1.57502,1.435163 0.17316,3.574676 l -1.49769,2.285762 -4.18376,-1.850674 c -9.13299,-4.039958 -19.64398,-2.82832 -22.09303,2.546734 -2.71866,5.96682 0.7877,10.498018 10.23847,13.230998 15.34168,4.4365 19.11682,6.78322 20.76626,12.90878 2.07754,7.71537 -1.34338,14.88729 -8.69359,18.22603 -4.95497,2.25072 -14.923,2.21835 -21.27863,-0.0691 z m 72.42015,0.69208 c -0.25588,-0.66682 -0.35592,-13.13881 -0.22229,-27.71554 l 0.24295,-26.503162 6.13807,-0.269585 c 7.2457,-0.318232 5.51298,-2.408201 15.76256,19.012447 5.80676,12.13557 8.06135,16 9.33475,16 1.27247,0 3.76477,-4.26066 10.29522,-17.600005 l 8.61631,-17.6 h 6.25423 6.25425 L 306.98483,109.94286 306.74286,137.6 H 304 301.25715 L 300.8,115.73243 c -0.33049,-15.809522 -0.76012,-21.968315 -1.55079,-22.231218 -1.51635,-0.504192 -4.42922,4.381815 -13.73624,23.040938 -6.46265,12.95662 -8.35915,16.0426 -9.73006,15.83277 -1.20737,-0.1848 -4.53249,-5.84684 -11.42857,-19.46063 -6.14678,-12.13459 -10.23044,-19.200003 -11.09719,-19.200003 -1.16826,0 -1.43915,3.250797 -1.82858,21.942853 l -0.45714,21.94286 -2.97772,0.28697 c -1.85241,0.17852 -3.15352,-0.1712 -3.44294,-0.92541 z M 218.51429,109.71429 V 82.285715 h 3.2 3.2 v 27.428575 27.42857 h -3.2 -3.2 z"
       id="path14"
       inkscape:connector-curvature="0" />
  </g>
</svg>
